			HLA-B44:02							
Pos	Peptide	ID	core	icore	EL-score	EL_Rank	BA-score	BA_Rank	Ave	NB
0	AADLDDFSKQL	PEPLIST	AADDFSKQL	AADLDDFSKQL	0.0011	9.9044	0.0393	36.3620	0.0011	     0
0	AAGLEAPFLY	PEPLIST	AALEAPFLY	AAGLEAPFLY	0.0022	7.3084	0.1124	6.4849	0.0022	     0
0	AAGLEAPFLYLY	PEPLIST	AEAPFLYLY	AAGLEAPFLYLY	0.3672	0.3999	0.5852	0.0976	0.3672	     1
0	AAISDYDYY	PEPLIST	AAISDYDYY	AAISDYDYY	0.0104	3.4777	0.1395	4.5442	0.0104	     0
0	AAISDYDYYR	PEPLIST	AAIDYDYYR	AAISDYDYYR	0.0001	26.3000	0.0618	17.5225	0.0001	     0
0	AAVYRINW	PEPLIST	AAVYRI-NW	AAVYRINW	0.0018	7.9919	0.0805	11.2700	0.0018	     0
0	ADAGFIKQY	PEPLIST	ADAGFIKQY	ADAGFIKQY	0.7275	0.1249	0.3680	0.6224	0.7275	     1
0	AEAELAKNV	PEPLIST	AEAELAKNV	AEAELAKNV	0.8618	0.0597	0.6052	0.0815	0.8618	     1
0	AEGSRGGSQA	PEPLIST	AESRGGSQA	AEGSRGGSQA	0.0167	2.7070	0.2008	2.4293	0.0167	     0
0	AEHVNNSY	PEPLIST	AEH-VNNSY	AEHVNNSY	0.5513	0.2479	0.3581	0.6737	0.5513	     1
0	AEIRASANL	PEPLIST	AEIRASANL	AEIRASANL	0.6762	0.1568	0.5827	0.1003	0.6762	     1
0	AEIRASANLAATK	PEPLIST	AEINLAATK	AEIRASANLAATK	0.0017	8.2751	0.1721	3.2063	0.0017	     0
0	AELAKNVSL	PEPLIST	AELAKNVSL	AELAKNVSL	0.7319	0.1225	0.4319	0.3836	0.7319	     1
0	AELAKNVSLDNVL	PEPLIST	AELAKNVSL	AELAKNVSLDNVL	0.0057	4.6899	0.1902	2.6929	0.0057	     0
0	AESHVDTDLTKPY	PEPLIST	AESDLTKPY	AESHVDTDLTKPY	0.3162	0.4687	0.5045	0.2091	0.3162	     1
0	AEVAVKMF	PEPLIST	AEV-AVKMF	AEVAVKMF	0.5480	0.2504	0.4201	0.4210	0.5480	     1
0	AEVQIDRL	PEPLIST	AEVQIDR-L	AEVQIDRL	0.1181	0.9166	0.2048	2.3455	0.1181	     1
0	AEVQIDRLI	PEPLIST	AEVQIDRLI	AEVQIDRLI	0.8291	0.0745	0.6510	0.0455	0.8291	     1
0	AEWFLAYIL	PEPLIST	AEWFLAYIL	AEWFLAYIL	0.2706	0.5387	0.6248	0.0615	0.2706	     1
0	AEWFLAYILF	PEPLIST	AEFLAYILF	AEWFLAYILF	0.3835	0.3843	0.7440	0.0095	0.3835	     1
0	AGDSGFAAY	PEPLIST	AGDSGFAAY	AGDSGFAAY	0.0071	4.2083	0.0762	12.3801	0.0071	     0
0	AGFSLWVYK	PEPLIST	AGFSLWVYK	AGFSLWVYK	0.0001	31.5000	0.0556	20.8366	0.0001	     0
0	AGLEAPFLY	PEPLIST	AGLEAPFLY	AGLEAPFLY	0.0068	4.3070	0.0836	10.5577	0.0068	     0
0	AGLPYGANK	PEPLIST	AGLPYGANK	AGLPYGANK	0.0001	25.8333	0.0319	48.6497	0.0001	     0
0	AHAEETRKL	PEPLIST	AHAEETRKL	AHAEETRKL	0.0368	1.7750	0.0716	13.7296	0.0368	     1
0	AIAMACLVGLM	PEPLIST	AMACLVGLM	AIAMACLVGLM	0.0000	61.6667	0.0693	14.4670	0.0000	     0
0	AIFYLITPV	PEPLIST	AIFYLITPV	AIFYLITPV	0.0001	35.2000	0.0870	9.8580	0.0001	     0
0	AIILASFSAST	PEPLIST	ALASFSAST	AIILASFSAST	0.0000	72.5000	0.0368	39.9095	0.0000	     0
0	AIMQLFFSY	PEPLIST	AIMQLFFSY	AIMQLFFSY	0.0095	3.6484	0.2069	2.3027	0.0095	     0
0	AIMTRCLAV	PEPLIST	AIMTRCLAV	AIMTRCLAV	0.0001	32.0000	0.1017	7.6066	0.0001	     0
0	AISDYDYYR	PEPLIST	AISDYDYYR	AISDYDYYR	0.0002	22.4444	0.0425	32.2756	0.0002	     0
0	AIVSTIQRK	PEPLIST	AIVSTIQRK	AIVSTIQRK	0.0003	16.8776	0.0358	41.6890	0.0003	     0
0	AIVSTIQRKYK	PEPLIST	AVSTIQRKY	AIVSTIQRKY	0.0001	30.5714	0.0296	53.5028	0.0001	     0
0	AKSHNIALIW	PEPLIST	AKSHNIALW	AKSHNIALIW	0.0123	3.2147	0.2326	1.8100	0.0123	     0
0	ALALLLLDRL	PEPLIST	AALLLLDRL	ALALLLLDRL	0.0000	41.6667	0.0650	16.0468	0.0000	     0
0	ALCTFLLNK	PEPLIST	ALCTFLLNK	ALCTFLLNK	0.0001	29.7143	0.0458	28.6976	0.0001	     0
0	ALDPLSETK	PEPLIST	ALDPLSETK	ALDPLSETK	0.0022	7.2968	0.0368	39.9251	0.0022	     0
0	ALLADKFPV	PEPLIST	ALLADKFPV	ALLADKFPV	0.0001	33.2000	0.0765	12.2969	0.0001	     0
0	ALLAVFQSA	PEPLIST	ALLAVFQSA	ALLAVFQSA	0.0002	21.4000	0.0803	11.3150	0.0002	     0
0	ALNTLVKQL	PEPLIST	ALNTLVKQL	ALNTLVKQL	0.0115	3.3191	0.0932	8.8134	0.0115	     0
0	ALNTPKDHI	PEPLIST	ALNTPKDHI	ALNTPKDHI	0.0015	8.5714	0.0602	18.3020	0.0015	     0
0	ALRANSAVK	PEPLIST	ALRANSAVK	ALRANSAVK	0.0001	30.5714	0.0434	31.2570	0.0001	     0
0	ALRKVPTDNY	PEPLIST	ALRKPTDNY	ALRKVPTDNY	0.0040	5.4974	0.0739	13.0058	0.0040	     0
0	ALRKVPTDNYITTY	PEPLIST	ALRKVPTTY	ALRKVPTDNYITTY	0.0001	28.8750	0.0407	34.5125	0.0001	     0
0	ALSKGVHFV	PEPLIST	ALSKGVHFV	ALSKGVHFV	0.0012	9.7463	0.0677	14.9923	0.0012	     0
0	ALWEIQQV	PEPLIST	ALW-EIQQV	ALWEIQQV	0.0003	18.6765	0.0374	39.0562	0.0003	     0
0	ALWEIQQVV	PEPLIST	ALWEIQQVV	ALWEIQQVV	0.0023	7.2666	0.0883	9.6055	0.0023	     0
0	AMYTPHTVL	PEPLIST	AMYTPHTVL	AMYTPHTVL	0.0039	5.6188	0.0856	10.1371	0.0039	     0
0	ANRNRFLYI	PEPLIST	ANRNRFLYI	ANRNRFLYI	0.0003	17.1000	0.0775	11.9951	0.0003	     0
0	APFLYLYAL	PEPLIST	APFLYLYAL	APFLYLYAL	0.0012	9.6324	0.0843	10.4086	0.0012	     0
0	APHGHVMVEL	PEPLIST	APHGHVVEL	APHGHVMVEL	0.0010	10.2921	0.0579	19.5219	0.0010	     0
0	APHGVVFL	PEPLIST	APH-GVVFL	APHGVVFL	0.0005	13.9043	0.0317	49.0611	0.0005	     0
0	APHGVVFLHV	PEPLIST	APHGVVLHV	APHGVVFLHV	0.0003	18.7647	0.0728	13.3524	0.0003	     0
0	APHGVVFLHVTYV	PEPLIST	APHGVVTYV	APHGVVFLHVTYV	0.0001	37.2500	0.0485	26.1699	0.0001	     0
0	APKEIIFL	PEPLIST	APK-EIIFL	APKEIIFL	0.0007	12.4083	0.0280	57.1894	0.0007	     0
0	APKEIIFLEGETL	PEPLIST	APKEEGETL	APKEIIFLEGETL	0.0003	17.2000	0.0501	24.8546	0.0003	     0
0	APRITFGGP	PEPLIST	APRITFGGP	APRITFGGP	0.0000	48.0000	0.0282	56.7264	0.0000	     0
0	APSASAFFGM	PEPLIST	APSASAFGM	APSASAFFGM	0.0001	24.8462	0.1020	7.5697	0.0001	     0
0	APTLVPQEHYV	PEPLIST	APVPQEHYV	APTLVPQEHYV	0.0004	15.2419	0.0347	43.4483	0.0004	     0
0	APYIVGDVV	PEPLIST	APYIVGDVV	APYIVGDVV	0.0004	15.7258	0.0583	19.2787	0.0004	     0
0	AQALNTLVKQL	PEPLIST	AQNTLVKQL	AQALNTLVKQL	0.0040	5.5528	0.0987	7.9878	0.0040	     0
0	AQFAPSASA	PEPLIST	AQFAPSASA	AQFAPSASA	0.0073	4.1713	0.1637	3.4706	0.0073	     0
0	AQFAPSASAF	PEPLIST	AQAPSASAF	AQFAPSASAF	0.0783	1.1786	0.3091	0.9755	0.0783	     1
0	ARAGEAANF	PEPLIST	ARAGEAANF	ARAGEAANF	0.0089	3.7686	0.0888	9.5074	0.0089	     0
0	ARLYYDSMSY	PEPLIST	ARYYDSMSY	ARLYYDSMSY	0.0028	6.5611	0.1295	5.1433	0.0028	     0
0	ASAFFGMSR	PEPLIST	ASAFFGMSR	ASAFFGMSR	0.0003	17.3750	0.0646	16.2447	0.0003	     0
0	ASFDNFKFV	PEPLIST	ASFDNFKFV	ASFDNFKFV	0.0020	7.6629	0.0973	8.1942	0.0020	     0
0	ASFNYLKSPNFSK	PEPLIST	ASFSPNFSK	ASFNYLKSPNFSK	0.0000	50.0000	0.0461	28.3373	0.0000	     0
0	ASMPTTIAK	PEPLIST	ASMPTTIAK	ASMPTTIAK	0.0019	7.7774	0.0804	11.2863	0.0019	     0
0	ASQRVAGDSGFAAY	PEPLIST	ASDSGFAAY	ASQRVAGDSGFAAY	0.0001	32.6000	0.0633	16.7953	0.0001	     0
0	ASRELKVTF	PEPLIST	ASRELKVTF	ASRELKVTF	0.0110	3.3924	0.0722	13.5349	0.0110	     0
0	ASVYAWNRK	PEPLIST	ASVYAWNRK	ASVYAWNRK	0.0001	31.5000	0.0438	30.7805	0.0001	     0
0	ASVYAWNRKRISN	PEPLIST	ASNRKRISN	ASVYAWNRKRISN	0.0000	95.0000	0.0263	61.1824	0.0000	     0
0	ATEGALNTPK	PEPLIST	AEGALNTPK	ATEGALNTPK	0.0007	11.9615	0.1440	4.3140	0.0007	     0
0	ATEGALNTPKDHI	PEPLIST	TENTPKDHI	TEGALNTPKDHI	0.0000	49.5000	0.0600	18.3899	0.0000	     0
0	ATIPIQASL	PEPLIST	ATIPIQASL	ATIPIQASL	0.0132	3.0900	0.0823	10.8498	0.0132	     0
0	ATSRTLSYY	PEPLIST	ATSRTLSYY	ATSRTLSYY	0.0085	3.8550	0.1270	5.3175	0.0085	     0
0	ATSRTLSYYK	PEPLIST	ATSTLSYYK	ATSRTLSYYK	0.0001	36.0000	0.0680	14.9163	0.0001	     0
0	ATVVIGTSK	PEPLIST	ATVVIGTSK	ATVVIGTSK	0.0006	13.3936	0.0471	27.3644	0.0006	     0
0	AVASKILGL	PEPLIST	AVASKILGL	AVASKILGL	0.0030	6.3920	0.0667	15.3973	0.0030	     0
0	AVFDKNLYDK	PEPLIST	AVFDKNLYK	AVFDKNLYDK	0.0001	25.3333	0.0464	28.0918	0.0001	     0
0	AVHFISNSW	PEPLIST	AVHFISNSW	AVHFISNSW	0.0715	1.2389	0.2209	2.0125	0.0715	     1
0	AVILRGHLR	PEPLIST	AVILRGHLR	AVILRGHLR	0.0006	12.9500	0.0399	35.5707	0.0006	     0
0	AVLQSGFRK	PEPLIST	AVLQSGFRK	AVLQSGFRK	0.0006	12.6750	0.0476	26.9370	0.0006	     0
0	AWPLIVTAL	PEPLIST	AWPLIVTAL	AWPLIVTAL	0.0004	15.5000	0.0310	50.5063	0.0004	     0
0	AYANRNRF	PEPLIST	AYA-NRNRF	AYANRNRF	0.0006	13.1170	0.0398	35.6962	0.0006	     0
0	AYANRNRFL	PEPLIST	AYANRNRFL	AYANRNRFL	0.0007	11.9936	0.0489	25.8451	0.0007	     0
0	AYILFTRF	PEPLIST	AYI-LFTRF	AYILFTRF	0.0021	7.5452	0.0575	19.7457	0.0021	     0
0	AYILFTRFF	PEPLIST	AYILFTRFF	AYILFTRFF	0.0045	5.2366	0.1075	6.9584	0.0045	     0
0	AYILFTRFFYV	PEPLIST	AYILFTRFY	AYILFTRFFY	0.0000	46.0000	0.0612	17.7871	0.0000	     0
0	AYKTFPPTEPK	PEPLIST	ATFPPTEPK	AYKTFPPTEPK	0.0002	22.2778	0.0292	54.3955	0.0002	     0
0	AYSNNSIAI	PEPLIST	AYSNNSIAI	AYSNNSIAI	0.0009	11.1346	0.0756	12.5507	0.0009	     0
0	AYVDNSSLTI	PEPLIST	AYVDNSSTI	AYVDNSSLTI	0.0006	12.9333	0.0921	8.9826	0.0006	     0
0	AYVNTFSSTF	PEPLIST	AYVNTSSTF	AYVNTFSSTF	0.0027	6.7350	0.1413	4.4464	0.0027	     0
0	CALDPLSETK	PEPLIST	CADPLSETK	CALDPLSETK	0.0001	29.1429	0.0394	36.2623	0.0001	     0
0	CATVHTANKW	PEPLIST	ATVHTANKW	ATVHTANKW	0.0006	12.7083	0.1394	4.5502	0.0006	     0
0	CLEASFNYL	PEPLIST	CLEASFNYL	CLEASFNYL	0.0002	22.1667	0.0641	16.4739	0.0002	     0
0	CLHVVGPNV	PEPLIST	CLHVVGPNV	CLHVVGPNV	0.0000	53.0000	0.0443	30.2216	0.0000	     0
0	CMTSCCSCLK	PEPLIST	CMTSCSCLK	CMTSCCSCLK	0.0000	95.0000	0.0747	12.7936	0.0000	     0
0	CNDPFLGVY	PEPLIST	CNDPFLGVY	CNDPFLGVY	0.0013	9.0968	0.0753	12.6303	0.0013	     0
0	CRSKNPLLY	PEPLIST	CRSKNPLLY	CRSKNPLLY	0.0058	4.6317	0.1038	7.3584	0.0058	     0
0	CTDDNALAY	PEPLIST	CTDDNALAY	CTDDNALAY	0.0067	4.3302	0.1003	7.7870	0.0067	     0
0	CTDDNALAYY	PEPLIST	CDDNALAYY	CTDDNALAYY	0.0014	8.9184	0.1251	5.4528	0.0014	     0
0	CTEIDPKLDNY	PEPLIST	TEIDPKLNY	TEIDPKLDNY	0.1741	0.7383	0.1658	3.4019	0.1741	     1
0	CTFEYISDAFSLD	PEPLIST	CTFEYISSL	CTFEYISDAFSL	0.0000	95.0000	0.0397	35.8613	0.0000	     0
0	CTFEYVSQPFLM	PEPLIST	CEYVSQPFL	CTFEYVSQPFL	0.0000	57.5000	0.0857	10.1191	0.0000	     0
0	CVADYSVLY	PEPLIST	CVADYSVLY	CVADYSVLY	0.0027	6.6544	0.1303	5.0922	0.0027	     0
0	DAFSLDVSEKSGN	PEPLIST	DAFSLDVSK	DAFSLDVSEK	0.0000	90.0000	0.0212	74.3277	0.0000	     0
0	DAMRNAGIV	PEPLIST	DAMRNAGIV	DAMRNAGIV	0.0000	40.0000	0.0543	21.6576	0.0000	     0
0	DASGKPVPY	PEPLIST	DASGKPVPY	DASGKPVPY	0.0092	3.7077	0.0515	23.6911	0.0092	     0
0	DAVNLLTNM	PEPLIST	DAVNLLTNM	DAVNLLTNM	0.0010	10.2327	0.0466	27.8682	0.0010	     0
0	DAVRDPQTL	PEPLIST	DAVRDPQTL	DAVRDPQTL	0.0024	7.0202	0.0284	56.3169	0.0024	     0
0	DDYQGKPLEF	PEPLIST	DDYGKPLEF	DDYQGKPLEF	0.0676	1.2777	0.1269	5.3283	0.0676	     1
0	DEFVVVTV	PEPLIST	DEF-VVVTV	DEFVVVTV	0.0175	2.6264	0.0959	8.3963	0.0175	     0
0	DFYDFAVSKGFFK	PEPLIST	DFYDFAVSF	DFYDFAVSKGFF	0.0000	45.5000	0.0378	38.4083	0.0000	     0
0	DGVYFASTEK	PEPLIST	DVYFASTEK	DGVYFASTEK	0.0000	39.3333	0.0326	47.3462	0.0000	     0
0	DLKGKYVQI	PEPLIST	DLKGKYVQI	DLKGKYVQI	0.0020	7.6677	0.0300	52.6822	0.0020	     0
0	DLPIGINITRFQTL	PEPLIST	DLITRFQTL	DLPIGINITRFQTL	0.0000	72.5000	0.0221	71.8634	0.0000	     0
0	DLSPRWYFYY	PEPLIST	DLSPRYFYY	DLSPRWYFYY	0.0006	13.5532	0.0992	7.9201	0.0006	     0
0	DLSPRWYFYYL	PEPLIST	DLSPRFYYL	DLSPRWYFYYL	0.0000	42.0000	0.0450	29.4429	0.0000	     0
0	DQIGYYRRATRRIR	PEPLIST	DQIGTRRIR	DQIGYYRRATRRIR	0.0000	72.5000	0.0192	79.5462	0.0000	     0
0	DSAEVAVKM	PEPLIST	DSAEVAVKM	DSAEVAVKM	0.0032	6.2043	0.0422	32.5906	0.0032	     0
0	DSCNNYMLTY	PEPLIST	DSNNYMLTY	DSCNNYMLTY	0.0005	13.6277	0.0858	10.0837	0.0005	     0
0	DSFKEELDKY	PEPLIST	DSFKEELKY	DSFKEELDKY	0.0027	6.6440	0.0459	28.5788	0.0027	     0
0	DSGFAAYSR	PEPLIST	DSGFAAYSR	DSGFAAYSR	0.0000	45.5000	0.0212	74.3171	0.0000	     0
0	DSKVGGNYNY	PEPLIST	DKVGGNYNY	DSKVGGNYNY	0.0020	7.6790	0.0525	22.9274	0.0020	     0
0	DTDFVNEFY	PEPLIST	DTDFVNEFY	DTDFVNEFY	0.0070	4.2406	0.0650	16.0377	0.0070	     0
0	DTFCAGSTF	PEPLIST	DTFCAGSTF	DTFCAGSTF	0.0016	8.3493	0.0951	8.5261	0.0016	     0
0	DTIANYAKPF	PEPLIST	DTIANYAKF	DTIANYAKPF	0.0004	16.2245	0.1012	7.6716	0.0004	     0
0	DTVIEVQGYK	PEPLIST	DTIEVQGYK	DTVIEVQGYK	0.0001	36.6667	0.0283	56.3564	0.0001	     0
0	DVFYKENSY	PEPLIST	DVFYKENSY	DVFYKENSY	0.0067	4.3328	0.0484	26.2294	0.0067	     0
0	DVLLPLTQY	PEPLIST	DVLLPLTQY	DVLLPLTQY	0.0121	3.2369	0.0497	25.1301	0.0121	     0
0	DVVAIDYKHY	PEPLIST	DVVAIDKHY	DVVAIDYKHY	0.0010	10.3911	0.0595	18.6612	0.0010	     0
0	DYKHWPQIAQF	PEPLIST	DHWPQIAQF	DYKHWPQIAQF	0.0014	8.9490	0.0423	32.5219	0.0014	     0
0	DYKHYTPSF	PEPLIST	DYKHYTPSF	DYKHYTPSF	0.0042	5.4014	0.0460	28.4202	0.0042	     0
0	DYVYLPYPDPSRI	PEPLIST	DPYPDPSRI	DYVYLPYPDPSRI	0.0000	46.0000	0.0307	51.1327	0.0000	     0
0	DYYQLYSTQL	PEPLIST	DYYQLSTQL	DYYQLYSTQL	0.0007	12.1417	0.0467	27.7401	0.0007	     0
0	EAFEKMVSL	PEPLIST	EAFEKMVSL	EAFEKMVSL	0.0078	4.0090	0.0513	23.8957	0.0078	     0
0	EAKKVKPTV	PEPLIST	EAKKVKPTV	EAKKVKPTV	0.0018	7.9371	0.0304	51.6979	0.0018	     0
0	EEAIRHVRAW	PEPLIST	EEARHVRAW	EEAIRHVRAW	0.9586	0.0169	0.7447	0.0095	0.9586	     1
0	EEFEPSTQYEY	PEPLIST	EEFEPSTQY	EEFEPSTQYEY	0.9199	0.0354	0.4389	0.3662	0.9199	     1
0	EEHVQIHTI	PEPLIST	EEHVQIHTI	EEHVQIHTI	0.8534	0.0634	0.4782	0.2689	0.8534	     1
0	EEIAIILASF	PEPLIST	EEIAIILSF	EEIAIILASF	0.7057	0.1381	0.6815	0.0257	0.7057	     1
0	EESSAKSASVY	PEPLIST	EESSAKSVY	EESSAKSASVY	0.7541	0.1103	0.4282	0.3930	0.7541	     1
0	EEVGHTDLMAAY	PEPLIST	EEVGHTAAY	EEVGHTDLMAAY	0.2240	0.6238	0.3770	0.5830	0.2240	     1
0	EEVVENPTI	PEPLIST	EEVVENPTI	EEVVENPTI	0.3456	0.4291	0.3356	0.7945	0.3456	     1
0	EGNSPFHPL	PEPLIST	EGNSPFHPL	EGNSPFHPL	0.0013	9.1032	0.0610	17.9057	0.0013	     0
0	EGYLNSTNV	PEPLIST	EGYLNSTNV	EGYLNSTNV	0.0002	19.6000	0.0446	29.8933	0.0002	     0
0	EIDPKLDNY	PEPLIST	EIDPKLDNY	EIDPKLDNY	0.0099	3.5577	0.0387	37.1241	0.0099	     0
0	EIKESVQTF	PEPLIST	EIKESVQTF	EIKESVQTF	0.0370	1.7692	0.0740	12.9828	0.0370	     1
0	EILDITPCSF	PEPLIST	EILDITPSF	EILDITPCSF	0.0011	10.0644	0.0822	10.8670	0.0011	     0
0	EILDITPCSFG	PEPLIST	EILDITPSF	EILDITPCSF	0.0000	51.0000	0.0368	40.0254	0.0000	     0
0	EILPVSMTK	PEPLIST	EILPVSMTK	EILPVSMTK	0.0004	15.8710	0.0334	45.8893	0.0004	     0
0	ELDERIDKV	PEPLIST	ELDERIDKV	ELDERIDKV	0.0026	6.8525	0.0270	59.5184	0.0026	     0
0	ELIRQGTDY	PEPLIST	ELIRQGTDY	ELIRQGTDY	0.0048	5.0777	0.0715	13.7518	0.0048	     0
0	ELLHAPATV	PEPLIST	ELLHAPATV	ELLHAPATV	0.0003	17.3750	0.0459	28.5289	0.0003	     0
0	ELPDEFVVV	PEPLIST	ELPDEFVVV	ELPDEFVVV	0.0003	18.5294	0.0265	60.7571	0.0003	     0
0	ELPDEFVVVTV	PEPLIST	ELPDVVVTV	ELPDEFVVVTV	0.0001	36.0000	0.0270	59.5277	0.0001	     0
0	ELVIGAVILR	PEPLIST	EVIGAVILR	ELVIGAVILR	0.0000	40.5000	0.0283	56.5147	0.0000	     0
0	EPKLGSLVV	PEPLIST	EPKLGSLVV	EPKLGSLVV	0.0004	15.3226	0.0331	46.4853	0.0004	     0
0	EPLVDLPI	PEPLIST	-EPLVDLPI	EPLVDLPI	0.0000	41.3333	0.0481	26.4930	0.0000	     0
0	EPVLKGVKL	PEPLIST	EPVLKGVKL	EPVLKGVKL	0.0021	7.4769	0.0283	56.3960	0.0021	     0
0	ERHSLSHFV	PEPLIST	ERHSLSHFV	ERHSLSHFV	0.0034	6.0321	0.0680	14.9136	0.0034	     0
0	ESKPSVEQR	PEPLIST	ESKPSVEQR	ESKPSVEQR	0.0047	5.1579	0.0197	78.2634	0.0047	     0
0	ETIQITISSF	PEPLIST	ETIQTISSF	ETIQITISSF	0.0027	6.6486	0.1053	7.1978	0.0027	     0
0	ETKCTLKSF	PEPLIST	ETKCTLKSF	ETKCTLKSF	0.0028	6.5265	0.0850	10.2702	0.0028	     0
0	EVARDLSLQF	PEPLIST	EVADLSLQF	EVARDLSLQF	0.0064	4.4197	0.0995	7.8847	0.0064	     0
0	EVAVKMFDAY	PEPLIST	EVAVKFDAY	EVAVKMFDAY	0.0005	13.8936	0.0892	9.4404	0.0005	     0
0	EVFAQVKQI	PEPLIST	EVFAQVKQI	EVFAQVKQI	0.0053	4.8460	0.0663	15.5202	0.0053	     0
0	EVFAQVKQIY	PEPLIST	EFAQVKQIY	EVFAQVKQIY	0.0089	3.7814	0.0907	9.2171	0.0089	     0
0	EVFNATRFASVY	PEPLIST	EVFNATRVY	EVFNATRFASVY	0.0003	17.9000	0.0732	13.2286	0.0003	     0
0	EVGHTDLMAAY	PEPLIST	EHTDLMAAY	EVGHTDLMAAY	0.0011	9.8750	0.0551	21.1257	0.0011	     0
0	EVKPFITESK	PEPLIST	EVKPITESK	EVKPFITESK	0.0002	19.9667	0.0309	50.7289	0.0002	     0
0	EVTGDSCNNYMLTY	PEPLIST	EVTGDSLTY	EVTGDSCNNYMLTY	0.0001	33.2000	0.0386	37.4006	0.0001	     0
0	EVTPSGTWLTY	PEPLIST	EVTPSGTTY	EVTPSGTWLTY	0.0049	5.0409	0.0626	17.1520	0.0049	     0
0	EWFLAYILF	PEPLIST	EWFLAYILF	EWFLAYILF	0.0017	8.1244	0.0762	12.3599	0.0017	     0
0	EYHDVRVVL	PEPLIST	EYHDVRVVL	EYHDVRVVL	0.0031	6.2646	0.0381	38.0115	0.0031	     0
0	EYHDVRVVLDF	PEPLIST	EYHDVRVVF	EYHDVRVVLDF	0.0007	11.8462	0.0698	14.3132	0.0007	     0
0	EYVSQPFLM	PEPLIST	EYVSQPFLM	EYVSQPFLM	0.0016	8.4952	0.0547	21.3943	0.0016	     0
0	FACPDGVKHVY	PEPLIST	FPDGVKHVY	FACPDGVKHVY	0.0032	6.1975	0.0457	28.7355	0.0032	     0
0	FADDLNQLTGY	PEPLIST	FADDLNQLY	FADDLNQLTGY	0.0020	7.6742	0.0594	18.6888	0.0020	     0
0	FAFPFTIYSL	PEPLIST	FAFPFTISL	FAFPFTIYSL	0.0001	24.6923	0.0695	14.3943	0.0001	     0
0	FAIGLALYY	PEPLIST	FAIGLALYY	FAIGLALYY	0.0054	4.8202	0.1190	5.9169	0.0054	     0
0	FAMQMAYRF	PEPLIST	FAMQMAYRF	FAMQMAYRF	0.0014	8.9847	0.1588	3.6597	0.0014	     0
0	FAPSASAFF	PEPLIST	FAPSASAFF	FAPSASAFF	0.0010	10.3564	0.0747	12.7981	0.0010	     0
0	FASEAARVV	PEPLIST	FASEAARVV	FASEAARVV	0.0004	15.2258	0.0554	20.9583	0.0004	     0
0	FASVYAWNR	PEPLIST	FASVYAWNR	FASVYAWNR	0.0000	43.0000	0.0398	35.7464	0.0000	     0
0	FAVDAAKAY	PEPLIST	FAVDAAKAY	FAVDAAKAY	0.0129	3.1361	0.0872	9.8120	0.0129	     0
0	FAVSKGFFK	PEPLIST	FAVSKGFFK	FAVSKGFFK	0.0001	35.2000	0.0368	40.0333	0.0001	     0
0	FAYANRNRF	PEPLIST	FAYANRNRF	FAYANRNRF	0.0057	4.6640	0.0917	9.0520	0.0057	     0
0	FAYTKRNVI	PEPLIST	FAYTKRNVI	FAYTKRNVI	0.0003	17.6500	0.0474	27.0706	0.0003	     0
0	FCDLKGKYV	PEPLIST	FCDLKGKYV	FCDLKGKYV	0.0002	22.1667	0.0200	77.2482	0.0002	     0
0	FCNDPFLGVYY	PEPLIST	FCNDPGVYY	FCNDPFLGVYY	0.0008	11.4679	0.0568	20.1270	0.0008	     0
0	FDEDDSEPVL	PEPLIST	FEDDSEPVL	FDEDDSEPVL	0.0066	4.3550	0.0591	18.8401	0.0066	     0
0	FDIYNDKVAGF	PEPLIST	FDIDKVAGF	FDIYNDKVAGF	0.0022	7.2752	0.0862	10.0107	0.0022	     0
0	FDNPVLPFNDGVYF	PEPLIST	FDNPDGVYF	FDNPVLPFNDGVYF	0.0002	19.4333	0.0708	13.9794	0.0002	     0
0	FELDERIDKV	PEPLIST	FELDERIKV	FELDERIDKV	0.0104	3.4772	0.1287	5.2041	0.0104	     0
0	FELDERIDKVL	PEPLIST	FELDERKVL	FELDERIDKVL	0.0265	2.1132	0.1124	6.4903	0.0265	     0
0	FELLHAPATV	PEPLIST	FELLHPATV	FELLHAPATV	0.0029	6.4737	0.2150	2.1346	0.0029	     0
0	FEPSTQYEY	PEPLIST	FEPSTQYEY	FEPSTQYEY	0.4306	0.3391	0.2654	1.3764	0.4306	     1
0	FERDISTEI	PEPLIST	FERDISTEI	FERDISTEI	0.2311	0.6086	0.2751	1.2652	0.2311	     1
0	FERDISTEIY	PEPLIST	FERDISTEY	FERDISTEIY	0.4375	0.3325	0.3413	0.7638	0.4375	     1
0	FEYVSQPFLM	PEPLIST	FEYSQPFLM	FEYVSQPFLM	0.0238	2.2480	0.3163	0.9240	0.0238	     0
0	FEYYHTTDPSF	PEPLIST	FEYYHTTSF	FEYYHTTDPSF	0.0672	1.2814	0.2592	1.4449	0.0672	     1
0	FGDDTVIEV	PEPLIST	FGDDTVIEV	FGDDTVIEV	0.0005	13.8830	0.0258	62.4853	0.0005	     0
0	FGEVFNATRFASVY	PEPLIST	GEVFNASVY	GEVFNATRFASVY	0.0000	46.0000	0.0877	9.7148	0.0000	     0
0	FGEYSHVVAF	PEPLIST	FEYSHVVAF	FGEYSHVVAF	0.1630	0.7687	0.4104	0.4598	0.1630	     1
0	FIAGLIAIV	PEPLIST	FIAGLIAIV	FIAGLIAIV	0.0000	46.0000	0.0416	33.3351	0.0000	     0
0	FIERYKLEGY	PEPLIST	FERYKLEGY	FIERYKLEGY	0.0162	2.7558	0.1547	3.8247	0.0162	     0
0	FIPMDSTVKNY	PEPLIST	FMDSTVKNY	FIPMDSTVKNY	0.0003	16.8776	0.0405	34.8187	0.0003	     0
0	FIRQEEVQELY	PEPLIST	FQEEVQELY	FIRQEEVQELY	0.0023	7.1801	0.0515	23.7307	0.0023	     0
0	FKNLREFVF	PEPLIST	FKNLREFVF	FKNLREFVF	0.0007	12.0000	0.0586	19.1396	0.0007	     0
0	FLAFVVFL	PEPLIST	FLA-FVVFL	FLAFVVFL	0.0000	52.0000	0.0304	51.7481	0.0000	     0
0	FLAFVVFLL	PEPLIST	FLAFVVFLL	FLAFVVFLL	0.0001	30.5714	0.0628	17.0553	0.0001	     0
0	FLAHIQWMV	PEPLIST	FLAHIQWMV	FLAHIQWMV	0.0001	34.2500	0.0605	18.1293	0.0001	     0
0	FLALCADSI	PEPLIST	FLALCADSI	FLALCADSI	0.0000	56.2500	0.0762	12.3579	0.0000	     0
0	FLARGIVFM	PEPLIST	FLARGIVFM	FLARGIVFM	0.0002	23.5000	0.0512	23.9486	0.0002	     0
0	FLCLFLLPSLATV	PEPLIST	FLLPSLATV	FLCLFLLPSLATV	0.0000	90.0000	0.0345	43.9475	0.0000	     0
0	FLEYHDVRV	PEPLIST	FLEYHDVRV	FLEYHDVRV	0.0001	35.6000	0.0262	61.4135	0.0001	     0
0	FLFLTWICL	PEPLIST	FLFLTWICL	FLFLTWICL	0.0001	35.0000	0.0494	25.4283	0.0001	     0
0	FLGIITTV	PEPLIST	FLG-IITTV	FLGIITTV	0.0000	52.0000	0.0226	70.5241	0.0000	     0
0	FLGRYMSAL	PEPLIST	FLGRYMSAL	FLGRYMSAL	0.0000	49.0000	0.0437	30.8605	0.0000	     0
0	FLHVTYVPA	PEPLIST	FLHVTYVPA	FLHVTYVPA	0.0000	68.3333	0.0443	30.2076	0.0000	     0
0	FLIGCNYL	PEPLIST	FLIGCN-YL	FLIGCNYL	0.0000	54.0000	0.0319	48.5838	0.0000	     0
0	FLKKDAPYI	PEPLIST	FLKKDAPYI	FLKKDAPYI	0.0003	17.4000	0.0405	34.8239	0.0003	     0
0	FLLNKEMYL	PEPLIST	FLLNKEMYL	FLLNKEMYL	0.0003	18.5294	0.0446	29.8858	0.0003	     0
0	FLLPSLATV	PEPLIST	FLLPSLATV	FLLPSLATV	0.0003	16.6531	0.0464	28.1088	0.0003	     0
0	FLLPSLATVA	PEPLIST	FLLPSATVA	FLLPSLATVA	0.0000	70.0000	0.0377	38.6246	0.0000	     0
0	FLLVTLAIL	PEPLIST	FLLVTLAIL	FLLVTLAIL	0.0000	49.5000	0.0394	36.2637	0.0000	     0
0	FLNGSCGSV	PEPLIST	FLNGSCGSV	FLNGSCGSV	0.0000	57.5000	0.0456	28.8902	0.0000	     0
0	FLNRFTTTL	PEPLIST	FLNRFTTTL	FLNRFTTTL	0.0013	9.0806	0.0676	15.0250	0.0013	     0
0	FLPFFSNV	PEPLIST	FLP-FFSNV	FLPFFSNV	0.0000	55.0000	0.0316	49.3176	0.0000	     0
0	FLPFFSNVTW	PEPLIST	FPFFSNVTW	FLPFFSNVTW	0.0032	6.1994	0.1554	3.7968	0.0032	     0
0	FLPFFSNVTWFHAI	PEPLIST	FLPFFFHAI	FLPFFSNVTWFHAI	0.0000	85.0000	0.0430	31.6930	0.0000	     0
0	FLPGVYSV	PEPLIST	FL-PGVYSV	FLPGVYSV	0.0000	47.0000	0.0209	75.1443	0.0000	     0
0	FLPGVYSVI	PEPLIST	FLPGVYSVI	FLPGVYSVI	0.0001	30.5714	0.0374	39.0421	0.0001	     0
0	FLPRVFSAV	PEPLIST	FLPRVFSAV	FLPRVFSAV	0.0000	40.0000	0.0361	41.0395	0.0000	     0
0	FLTENLLLYI	PEPLIST	FLTENLLLY	FLTENLLLY	0.0000	47.0000	0.0665	15.4783	0.0000	     0
0	FLWLLWPVTL	PEPLIST	FLWLWPVTL	FLWLLWPVTL	0.0000	41.6667	0.0581	19.3867	0.0000	     0
0	FLYENAFLP	PEPLIST	FLYENAFLP	FLYENAFLP	0.0000	51.0000	0.0428	31.9709	0.0000	     0
0	FLYENAFLPFA	PEPLIST	FENAFLPFA	FLYENAFLPFA	0.0002	23.3125	0.1076	6.9427	0.0002	     0
0	FLYLYALVY	PEPLIST	FLYLYALVY	FLYLYALVY	0.0008	11.5064	0.0775	12.0065	0.0008	     0
0	FPLKLRGTA	PEPLIST	FPLKLRGTA	FPLKLRGTA	0.0000	42.0000	0.0240	66.9918	0.0000	     0
0	FPLKLRGTAV	PEPLIST	FPKLRGTAV	FPLKLRGTAV	0.0001	34.2500	0.0405	34.8187	0.0001	     0
0	FPPTSFGPL	PEPLIST	FPPTSFGPL	FPPTSFGPL	0.0001	36.0000	0.0312	50.1069	0.0001	     0
0	FPQSAPHGV	PEPLIST	FPQSAPHGV	FPQSAPHGV	0.0010	10.5842	0.0433	31.3547	0.0010	     0
0	FPQSAPHGVVF	PEPLIST	FPQPHGVVF	FPQSAPHGVVF	0.0016	8.4737	0.0525	22.9744	0.0016	     0
0	FPREGVFV	PEPLIST	FPREGV-FV	FPREGVFV	0.0001	34.7500	0.0212	74.2403	0.0001	     0
0	FPRGQGVPI	PEPLIST	FPRGQGVPI	FPRGQGVPI	0.0002	21.2000	0.0418	33.1222	0.0002	     0
0	FQFCNDPFL	PEPLIST	FQFCNDPFL	FQFCNDPFL	0.0003	17.6250	0.1024	7.5177	0.0003	     0
0	FQPTNGVGY	PEPLIST	FQPTNGVGY	FQPTNGVGY	0.0100	3.5528	0.0741	12.9668	0.0100	     0
0	FRLFARTRSM	PEPLIST	FRFARTRSM	FRLFARTRSM	0.0001	28.3750	0.0586	19.1030	0.0001	     0
0	FRSSVLHST	PEPLIST	FRSSVLHST	FRSSVLHST	0.0002	23.3750	0.0321	48.2448	0.0002	     0
0	FRYMNSQGL	PEPLIST	FRYMNSQGL	FRYMNSQGL	0.0002	20.2609	0.0487	26.0105	0.0002	     0
0	FSAVGNICY	PEPLIST	FSAVGNICY	FSAVGNICY	0.0012	9.6507	0.0777	11.9597	0.0012	     0
0	FSKQLQQSM	PEPLIST	FSKQLQQSM	FSKQLQQSM	0.0009	10.9752	0.0385	37.4415	0.0009	     0
0	FTCASEYTGNY	PEPLIST	FASEYTGNY	FTCASEYTGNY	0.0001	31.1667	0.0460	28.4491	0.0001	     0
0	FTDGVCLFW	PEPLIST	FTDGVCLFW	FTDGVCLFW	0.0076	4.0742	0.1376	4.6528	0.0076	     0
0	FTEQPIDLVPNQPY	PEPLIST	TEQPPNQPY	TEQPIDLVPNQPY	0.0008	11.5449	0.1070	7.0042	0.0008	     0
0	FTIGTVTLK	PEPLIST	FTIGTVTLK	FTIGTVTLK	0.0002	22.8889	0.0343	44.1509	0.0002	     0
0	FTISVTTEI	PEPLIST	FTISVTTEI	FTISVTTEI	0.0007	12.4583	0.0757	12.5176	0.0007	     0
0	FTISVTTEIL	PEPLIST	FTISVTTEL	FTISVTTEIL	0.0000	41.6667	0.0485	26.1313	0.0000	     0
0	FTSDYYQLY	PEPLIST	FTSDYYQLY	FTSDYYQLY	0.0150	2.8828	0.1318	4.9896	0.0150	     0
0	FTYASALWEI	PEPLIST	FTYASALEI	FTYASALWEI	0.0000	51.0000	0.0842	10.4245	0.0000	     0
0	FVAAIFYLI	PEPLIST	FVAAIFYLI	FVAAIFYLI	0.0001	29.0000	0.0951	8.5270	0.0001	     0
0	FVDGVPFVV	PEPLIST	FVDGVPFVV	FVDGVPFVV	0.0003	16.8980	0.0385	37.4626	0.0003	     0
0	FVENPDILRV	PEPLIST	FENPDILRV	FVENPDILRV	0.0196	2.4556	0.1532	3.8868	0.0196	     0
0	FVFKNIDGY	PEPLIST	FVFKNIDGY	FVFKNIDGY	0.0024	7.0490	0.0741	12.9542	0.0024	     0
0	FVFLVLLPL	PEPLIST	FVFLVLLPL	FVFLVLLPL	0.0000	43.0000	0.0473	27.2109	0.0000	     0
0	FVIRGDEVR	PEPLIST	FVIRGDEVR	FVIRGDEVR	0.0000	43.0000	0.0181	82.3742	0.0000	     0
0	FVKHKHAFL	PEPLIST	FVKHKHAFL	FVKHKHAFL	0.0002	20.5652	0.0332	46.1746	0.0002	     0
0	FVLAAVYRI	PEPLIST	FVLAAVYRI	FVLAAVYRI	0.0001	28.5000	0.0641	16.4630	0.0001	     0
0	FVNEFYAYL	PEPLIST	FVNEFYAYL	FVNEFYAYL	0.0006	12.6750	0.0861	10.0238	0.0006	     0
0	FVNEFYAYLR	PEPLIST	FVNEFAYLR	FVNEFYAYLR	0.0000	57.5000	0.0568	20.1443	0.0000	     0
0	FVRATATIPI	PEPLIST	FRATATIPI	FVRATATIPI	0.0000	57.5000	0.0719	13.6206	0.0000	     0
0	FVRIIMRLW	PEPLIST	FVRIIMRLW	FVRIIMRLW	0.0042	5.3935	0.0957	8.4263	0.0042	     0
0	FVSNGTHWF	PEPLIST	FVSNGTHWF	FVSNGTHWF	0.0035	5.9161	0.0872	9.8075	0.0035	     0
0	FVTVYSHLL	PEPLIST	FVTVYSHLL	FVTVYSHLL	0.0002	20.7391	0.0575	19.7452	0.0002	     0
0	FVVEVVDKY	PEPLIST	FVVEVVDKY	FVVEVVDKY	0.0088	3.7903	0.0653	15.9321	0.0088	     0
0	FVVPGLPGT	PEPLIST	FVVPGLPGT	FVVPGLPGT	0.0000	44.0000	0.0209	75.1390	0.0000	     0
0	FVVSTGYHFR	PEPLIST	FVSTGYHFR	FVVSTGYHFR	0.0000	43.5000	0.0436	31.0349	0.0000	     0
0	FWRNTNPIQL	PEPLIST	FRNTNPIQL	FWRNTNPIQL	0.0003	19.0000	0.0401	35.2325	0.0003	     0
0	FYAYLRKHF	PEPLIST	FYAYLRKHF	FYAYLRKHF	0.0012	9.7243	0.0542	21.7680	0.0012	     0
0	FYLITPVHV	PEPLIST	FYLITPVHV	FYLITPVHV	0.0003	18.5000	0.0339	44.8912	0.0003	     0
0	FYVYSRVKNL	PEPLIST	FYYSRVKNL	FYVYSRVKNL	0.0001	30.7143	0.0398	35.6909	0.0001	     0
0	FYYVWKSY	PEPLIST	FYY-VWKSY	FYYVWKSY	0.0003	17.9250	0.0428	31.9454	0.0003	     0
0	FYYVWKSYV	PEPLIST	FYYVWKSYV	FYYVWKSYV	0.0000	39.6667	0.0402	35.1163	0.0000	     0
0	GAAAYYVGY	PEPLIST	GAAAYYVGY	GAAAYYVGY	0.0021	7.4424	0.1106	6.6563	0.0021	     0
0	GADPIHSLR	PEPLIST	GADPIHSLR	GADPIHSLR	0.0010	10.3564	0.0323	47.8375	0.0010	     0
0	GAMDTTSYR	PEPLIST	GAMDTTSYR	GAMDTTSYR	0.0004	16.2449	0.0555	20.8819	0.0004	     0
0	GEAANFCAL	PEPLIST	GEAANFCAL	GEAANFCAL	0.0971	1.0401	0.4545	0.3274	0.0971	     1
0	GELGDVRETMSYLF	PEPLIST	GELGDVREF	GELGDVRETMSYLF	0.0376	1.7542	0.3106	0.9647	0.0376	     1
0	GETLPTEVL	PEPLIST	GETLPTEVL	GETLPTEVL	0.2738	0.5332	0.2400	1.6859	0.2738	     1
0	GEVFNATRF	PEPLIST	GEVFNATRF	GEVFNATRF	0.7207	0.1290	0.5317	0.1634	0.7207	     1
0	GEVITFDNL	PEPLIST	GEVITFDNL	GEVITFDNL	0.0673	1.2806	0.2894	1.1294	0.0673	     1
0	GFMGRIRSV	PEPLIST	GFMGRIRSV	GFMGRIRSV	0.0006	12.7333	0.0614	17.7209	0.0006	     0
0	GFMWLSYFI	PEPLIST	GFMWLSYFI	GFMWLSYFI	0.0001	29.2857	0.1192	5.9034	0.0001	     0
0	GLEAPFLYL	PEPLIST	GLEAPFLYL	GLEAPFLYL	0.0003	17.1250	0.0441	30.4908	0.0003	     0
0	GLITLSYHL	PEPLIST	GLITLSYHL	GLITLSYHL	0.0007	12.4583	0.0860	10.0431	0.0007	     0
0	GLLPPKNSI	PEPLIST	GLLPPKNSI	GLLPPKNSI	0.0017	8.1722	0.0380	38.2135	0.0017	     0
0	GLMWLSYFI	PEPLIST	GLMWLSYFI	GLMWLSYFI	0.0001	35.4000	0.1308	5.0559	0.0001	     0
0	GLTVLPPLL	PEPLIST	GLTVLPPLL	GLTVLPPLL	0.0003	18.2059	0.0430	31.6605	0.0003	     0
0	GMEVTPSGTWLTY	PEPLIST	MEVTPSLTY	MEVTPSGTWLTY	0.0010	10.2129	0.2093	2.2526	0.0010	     0
0	GMSRIGMEV	PEPLIST	GMSRIGMEV	GMSRIGMEV	0.0004	16.2857	0.0823	10.8451	0.0004	     0
0	GNYNYLYRLF	PEPLIST	GNYNLYRLF	GNYNYLYRLF	0.0003	17.3250	0.1363	4.7265	0.0003	     0
0	GNYTVSCLPFTI	PEPLIST	GNYTLPFTI	GNYTVSCLPFTI	0.0000	72.5000	0.0649	16.0695	0.0000	     0
0	GPKKSTNLV	PEPLIST	GPKKSTNLV	GPKKSTNLV	0.0007	11.9487	0.0320	48.5612	0.0007	     0
0	GPKVKYLYF	PEPLIST	GPKVKYLYF	GPKVKYLYF	0.0066	4.3524	0.0554	20.9642	0.0066	     0
0	GPQNQRNAPRITF	PEPLIST	GPNAPRITF	GPQNQRNAPRITF	0.0003	17.3250	0.0414	33.5979	0.0003	     0
0	GRVDGQVDL	PEPLIST	GRVDGQVDL	GRVDGQVDL	0.0010	10.3762	0.0319	48.7025	0.0010	     0
0	GSFCTQLNR	PEPLIST	GSFCTQLNR	GSFCTQLNR	0.0001	27.8889	0.0446	29.9029	0.0001	     0
0	GSVAYESLR	PEPLIST	GSVAYESLR	GSVAYESLR	0.0000	39.0000	0.0293	54.2121	0.0000	     0
0	GTDLEGNFY	PEPLIST	GTDLEGNFY	GTDLEGNFY	0.0031	6.3035	0.0481	26.5114	0.0031	     0
0	GTGPEAGLPY	PEPLIST	GTGPEGLPY	GTGPEAGLPY	0.0005	14.0135	0.0639	16.5529	0.0005	     0
0	GTHWFVTQR	PEPLIST	GTHWFVTQR	GTHWFVTQR	0.0003	18.1176	0.0363	40.8048	0.0003	     0
0	GTITSGWTF	PEPLIST	GTITSGWTF	GTITSGWTF	0.0058	4.6487	0.1233	5.5816	0.0058	     0
0	GTITVEELK	PEPLIST	GTITVEELK	GTITVEELK	0.0002	21.1500	0.0318	48.9397	0.0002	     0
0	GTRNPANNA	PEPLIST	GTRNPANNA	GTRNPANNA	0.0001	26.9000	0.0266	60.4621	0.0001	     0
0	GVAMPNLYK	PEPLIST	GVAMPNLYK	GVAMPNLYK	0.0001	27.8889	0.0375	38.8610	0.0001	     0
0	GVAPGTAVLRQW	PEPLIST	GVAPGTRQW	GVAPGTAVLRQW	0.0047	5.1684	0.0959	8.3966	0.0047	     0
0	GVFVSNGTHW	PEPLIST	GFVSNGTHW	GVFVSNGTHW	0.0096	3.6281	0.1554	3.7973	0.0096	     0
0	GVVFLHVTY	PEPLIST	GVVFLHVTY	GVVFLHVTY	0.0032	6.2062	0.0792	11.5899	0.0032	     0
0	GVYDYLVST	PEPLIST	GVYDYLVST	GVYDYLVST	0.0001	30.1429	0.0358	41.6512	0.0001	     0
0	GVYFASTEK	PEPLIST	GVYFASTEK	GVYFASTEK	0.0001	25.3333	0.0390	36.8156	0.0001	     0
0	GVYHKNNK	PEPLIST	GVY-HKNNK	GVYHKNNK	0.0000	51.0000	0.0120	95.0519	0.0000	     0
0	GVYYHKNNK	PEPLIST	GVYYHKNNK	GVYYHKNNK	0.0001	29.4286	0.0254	63.3874	0.0001	     0
0	GVYYPDKVFR	PEPLIST	GVYPDKVFR	GVYYPDKVFR	0.0002	22.1111	0.0334	45.7711	0.0002	     0
0	GYLQPRTFL	PEPLIST	GYLQPRTFL	GYLQPRTFL	0.0013	9.1161	0.0316	49.2229	0.0013	     0
0	GYLQPRTFLL	PEPLIST	GYLQPRTLL	GYLQPRTFLL	0.0004	15.3387	0.0588	19.0155	0.0004	     0
0	GYQPYRVVVLSF	PEPLIST	GYQPVVLSF	GYQPYRVVVLSF	0.0002	19.4667	0.0590	18.8937	0.0002	     0
0	HADQLTPTW	PEPLIST	HADQLTPTW	HADQLTPTW	0.1245	0.8889	0.1240	5.5280	0.1245	     1
0	HFISNSWLMW	PEPLIST	HFISNSLMW	HFISNSWLMW	0.0037	5.7655	0.1944	2.5787	0.0037	     0
0	HLDGEVITF	PEPLIST	HLDGEVITF	HLDGEVITF	0.0142	2.9660	0.0453	29.1654	0.0142	     0
0	HLKDGTCGL	PEPLIST	HLKDGTCGL	HLKDGTCGL	0.0007	11.8974	0.0395	36.1175	0.0007	     0
0	HLMSFPQSA	PEPLIST	HLMSFPQSA	HLMSFPQSA	0.0006	13.0851	0.0869	9.8633	0.0006	     0
0	HLRIAGHHL	PEPLIST	HLRIAGHHL	HLRIAGHHL	0.0008	11.3654	0.0420	32.7919	0.0008	     0
0	HLRIAGHHLGR	PEPLIST	HLRIAGHGR	HLRIAGHHLGR	0.0000	42.0000	0.0248	64.9656	0.0000	     0
0	HLVDFQVTI	PEPLIST	HLVDFQVTI	HLVDFQVTI	0.0025	6.9355	0.0614	17.6984	0.0025	     0
0	HLVDFQVTIA	PEPLIST	HLVDFQVTA	HLVDFQVTIA	0.0000	40.0000	0.0363	40.7413	0.0000	     0
0	HPLADNKFAL	PEPLIST	HPADNKFAL	HPLADNKFAL	0.0005	14.0946	0.0412	33.8817	0.0005	     0
0	HSYFTSDYY	PEPLIST	HSYFTSDYY	HSYFTSDYY	0.0016	8.3373	0.0941	8.6775	0.0016	     0
0	HTDFSSEIIGY	PEPLIST	HTDSEIIGY	HTDFSSEIIGY	0.0012	9.7243	0.0554	20.9296	0.0012	     0
0	HTQVVDMSMTY	PEPLIST	HTQDMSMTY	HTQVVDMSMTY	0.0009	10.8267	0.0657	15.7693	0.0009	     0
0	HTTDPSFLGR	PEPLIST	HTDPSFLGR	HTTDPSFLGR	0.0002	23.0625	0.0316	49.1972	0.0002	     0
0	HTTDPSFLGRY	PEPLIST	HTTDPSFRY	HTTDPSFLGRY	0.0032	6.1615	0.0566	20.2165	0.0032	     0
0	HVDTDLTKPY	PEPLIST	HDTDLTKPY	HVDTDLTKPY	0.0069	4.2655	0.1035	7.3955	0.0069	     0
0	HVETFYPKL	PEPLIST	HVETFYPKL	HVETFYPKL	0.0003	17.0000	0.0300	52.6626	0.0003	     0
0	HVGEIPVAY	PEPLIST	HVGEIPVAY	HVGEIPVAY	0.0178	2.5973	0.0663	15.5509	0.0178	     0
0	HVSGTNGTK	PEPLIST	HVSGTNGTK	HVSGTNGTK	0.0001	30.4286	0.0233	68.7506	0.0001	     0
0	HVTFFIYNK	PEPLIST	HVTFFIYNK	HVTFFIYNK	0.0001	32.6000	0.0459	28.5499	0.0001	     0
0	HVTYVPAQEK	PEPLIST	HTYVPAQEK	HVTYVPAQEK	0.0001	28.3750	0.0299	52.9027	0.0001	     0
0	HVTYVPAQEKNF	PEPLIST	HVPAQEKNF	HVTYVPAQEKNF	0.0000	37.5000	0.0342	44.3456	0.0000	     0
0	HWFVTQRNF	PEPLIST	HWFVTQRNF	HWFVTQRNF	0.0026	6.7684	0.0642	16.3999	0.0026	     0
0	HWPQIAQF	PEPLIST	HW-PQIAQF	HWPQIAQF	0.0006	12.6583	0.0325	47.4507	0.0006	     0
0	IAATRGATV	PEPLIST	IAATRGATV	IAATRGATV	0.0002	21.5500	0.0436	30.9978	0.0002	     0
0	IAAVITREV	PEPLIST	IAAVITREV	IAAVITREV	0.0007	11.9038	0.0583	19.2848	0.0007	     0
0	IAIPTNFTI	PEPLIST	IAIPTNFTI	IAIPTNFTI	0.0011	9.8015	0.0717	13.6998	0.0011	     0
0	IANQFNSAI	PEPLIST	IANQFNSAI	IANQFNSAI	0.0003	17.4250	0.0835	10.5828	0.0003	     0
0	IASFRLFAR	PEPLIST	IASFRLFAR	IASFRLFAR	0.0000	48.0000	0.0280	57.1871	0.0000	     0
0	IEVNSFSGY	PEPLIST	IEVNSFSGY	IEVNSFSGY	0.4453	0.3250	0.4537	0.3293	0.4453	     1
0	IEYPIIGDEL	PEPLIST	IEYPIGDEL	IEYPIIGDEL	0.0482	1.5361	0.1957	2.5462	0.0482	     1
0	IFFITGNTL	PEPLIST	IFFITGNTL	IFFITGNTL	0.0010	10.5644	0.0449	29.6467	0.0010	     0
0	IFLWLLWPV	PEPLIST	IFLWLLWPV	IFLWLLWPV	0.0000	61.6667	0.0498	25.0182	0.0000	     0
0	IGAEHVNNSY	PEPLIST	IGAEVNNSY	IGAEHVNNSY	0.0010	10.5693	0.0496	25.2643	0.0010	     0
0	IHADQLTPTW	PEPLIST	IHADQLTTW	IHADQLTPTW	0.0264	2.1171	0.1331	4.9129	0.0264	     0
0	IIFWFSLEL	PEPLIST	IIFWFSLEL	IIFWFSLEL	0.0001	37.0000	0.0519	23.3681	0.0001	     0
0	IIKNLSKSLTENKY	PEPLIST	IIKNTENKY	IIKNLSKSLTENKY	0.0000	54.0000	0.0211	74.5738	0.0000	     0
0	IITTDNTFV	PEPLIST	IITTDNTFV	IITTDNTFV	0.0000	42.0000	0.0261	61.6224	0.0000	     0
0	IIWFLLLSV	PEPLIST	IIWFLLLSV	IIWFLLLSV	0.0000	60.0000	0.0425	32.2778	0.0000	     0
0	IIWVATEGA	PEPLIST	IIWVATEGA	IIWVATEGA	0.0000	63.3333	0.0293	54.2099	0.0000	     0
0	ILFTRFFYV	PEPLIST	ILFTRFFYV	ILFTRFFYV	0.0001	30.1429	0.0705	14.0664	0.0001	     0
0	ILGLPTQTV	PEPLIST	ILGLPTQTV	ILGLPTQTV	0.0002	20.0870	0.0293	54.2798	0.0002	     0
0	ILHCANFNV	PEPLIST	ILHCANFNV	ILHCANFNV	0.0000	58.7500	0.0500	24.8753	0.0000	     0
0	ILLNKHID	PEPLIST	ILLNKHID-	ILLNKHID	0.0000	95.0000	0.0114	95.3155	0.0000	     0
0	ILLNKHIDA	PEPLIST	ILLNKHIDA	ILLNKHIDA	0.0000	52.0000	0.0228	69.9718	0.0000	     0
0	ILMTARTVY	PEPLIST	ILMTARTVY	ILMTARTVY	0.0017	8.0742	0.1025	7.5102	0.0017	     0
0	ILPDPLKPT	PEPLIST	ILPDPLKPT	ILPDPLKPT	0.0000	60.0000	0.0123	94.6151	0.0000	     0
0	ILPDPSKPSK	PEPLIST	IPDPSKPSK	ILPDPSKPSK	0.0004	15.3065	0.0209	74.9074	0.0004	     0
0	ILSPLYAFA	PEPLIST	ILSPLYAFA	ILSPLYAFA	0.0000	41.6667	0.0544	21.6223	0.0000	     0
0	ILTSLLVLV	PEPLIST	ILTSLLVLV	ILTSLLVLV	0.0001	35.8000	0.0486	26.0385	0.0001	     0
0	IMASLVLAR	PEPLIST	IMASLVLAR	IMASLVLAR	0.0001	30.8571	0.0522	23.1580	0.0001	     0
0	IMLIIFWFSL	PEPLIST	IMIIFWFSL	IMLIIFWFSL	0.0000	60.0000	0.0597	18.5422	0.0000	     0
0	INITRFQTL	PEPLIST	INITRFQTL	INITRFQTL	0.0014	8.9770	0.0505	24.4932	0.0014	     0
0	IPARARVEC	PEPLIST	IPARARVEC	IPARARVEC	0.0001	33.0000	0.0181	82.1403	0.0001	     0
0	IPARARVECF	PEPLIST	IPARARVEF	IPARARVECF	0.0006	13.2553	0.0581	19.3834	0.0006	     0
0	IPFAMQMAY	PEPLIST	IPFAMQMAY	IPFAMQMAY	0.0050	4.9838	0.1076	6.9461	0.0050	     0
0	IPIGAGICASY	PEPLIST	IPIGAGASY	IPIGAGICASY	0.0011	9.9301	0.0543	21.6968	0.0011	     0
0	IPIQASLPF	PEPLIST	IPIQASLPF	IPIQASLPF	0.0015	8.8010	0.0899	9.3398	0.0015	     0
0	IPRRNVATL	PEPLIST	IPRRNVATL	IPRRNVATL	0.0011	10.1287	0.0325	47.4971	0.0011	     0
0	IPTITQMNL	PEPLIST	IPTITQMNL	IPTITQMNL	0.0004	16.2245	0.0363	40.7698	0.0004	     0
0	IPTNFTISV	PEPLIST	IPTNFTISV	IPTNFTISV	0.0003	17.9250	0.0455	28.9860	0.0003	     0
0	IPVAYRKVLL	PEPLIST	IPAYRKVLL	IPVAYRKVLL	0.0001	31.6667	0.0382	37.9422	0.0001	     0
0	IPYNSVTSSI	PEPLIST	IPYNSVTSI	IPYNSVTSSI	0.0002	22.0556	0.0702	14.1661	0.0002	     0
0	IPYNSVTSSIVI	PEPLIST	IPYNSVTSI	IPYNSVTSSIVI	0.0000	39.3333	0.0396	35.9141	0.0000	     0
0	IQITISSFK	PEPLIST	IQITISSFK	IQITISSFK	0.0004	15.0323	0.0728	13.3699	0.0004	     0
0	IQLSSYSLF	PEPLIST	IQLSSYSLF	IQLSSYSLF	0.0118	3.2865	0.1845	2.8426	0.0118	     0
0	IQPGQTFSV	PEPLIST	IQPGQTFSV	IQPGQTFSV	0.0004	15.7258	0.0320	48.4821	0.0004	     0
0	IQYIDIGNY	PEPLIST	IQYIDIGNY	IQYIDIGNY	0.0051	4.9545	0.0951	8.5203	0.0051	     0
0	IRQEEVQEL	PEPLIST	IRQEEVQEL	IRQEEVQEL	0.0043	5.3374	0.0322	48.1827	0.0043	     0
0	ISDYDYYRY	PEPLIST	ISDYDYYRY	ISDYDYYRY	0.0011	9.8162	0.0486	26.0622	0.0011	     0
0	ISLAGSYKDW	PEPLIST	ISLAGSYKW	ISLAGSYKDW	0.0014	8.9541	0.1308	5.0579	0.0014	     0
0	ISTKHFYW	PEPLIST	IST-KHFYW	ISTKHFYW	0.0011	10.0990	0.0664	15.4929	0.0011	     0
0	ITDVFYKENSY	PEPLIST	ITDVKENSY	ITDVFYKENSY	0.0003	17.7250	0.0417	33.1459	0.0003	     0
0	ITEEVGHTDLMAAY	PEPLIST	ITEEVGHTY	ITEEVGHTDLMAAY	0.0001	27.4444	0.0708	13.9825	0.0001	     0
0	ITFDNLKTL	PEPLIST	ITFDNLKTL	ITFDNLKTL	0.0020	7.7161	0.0412	33.8870	0.0020	     0
0	ITGRLQSLQTY	PEPLIST	IRLQSLQTY	ITGRLQSLQTY	0.0006	12.8583	0.0409	34.2024	0.0006	     0
0	ITILDGISQY	PEPLIST	ITIDGISQY	ITILDGISQY	0.0023	7.2594	0.0601	18.3378	0.0023	     0
0	ITLKKRWQL	PEPLIST	ITLKKRWQL	ITLKKRWQL	0.0004	15.7581	0.0306	51.4295	0.0004	     0
0	ITLKKRWQLAL	PEPLIST	ITKRWQLAL	ITLKKRWQLAL	0.0000	52.0000	0.0290	54.9192	0.0000	     0
0	IVAGGIVAI	PEPLIST	IVAGGIVAI	IVAGGIVAI	0.0005	14.5135	0.0463	28.1387	0.0005	     0
0	IVDTVSALV	PEPLIST	IVDTVSALV	IVDTVSALV	0.0003	16.7143	0.0463	28.1347	0.0003	     0
0	IVDTVSALVY	PEPLIST	IDTVSALVY	IVDTVSALVY	0.0009	10.7228	0.1048	7.2531	0.0009	     0
0	IVGVALLAVF	PEPLIST	IVVALLAVF	IVGVALLAVF	0.0000	51.0000	0.0638	16.5869	0.0000	     0
0	IYDEPTTTT	PEPLIST	IYDEPTTTT	IYDEPTTTT	0.0005	13.6170	0.0141	91.4187	0.0005	     0
0	IYKTPPIKDF	PEPLIST	IYKTPPIKF	IYKTPPIKDF	0.0013	9.1806	0.0341	44.5684	0.0013	     0
0	IYLYLTFYL	PEPLIST	IYLYLTFYL	IYLYLTFYL	0.0001	24.4615	0.0484	26.2539	0.0001	     0
0	IYQTSNFRV	PEPLIST	IYQTSNFRV	IYQTSNFRV	0.0001	24.0000	0.0340	44.6684	0.0001	     0
0	IYSKHTPINL	PEPLIST	IYSKTPINL	IYSKHTPINL	0.0001	26.2000	0.0325	47.5590	0.0001	     0
0	KAFQLTPIAV	PEPLIST	KAFLTPIAV	KAFQLTPIAV	0.0001	26.8000	0.0648	16.1580	0.0001	     0
0	KASMPTTIA	PEPLIST	KASMPTTIA	KASMPTTIA	0.0001	30.4286	0.0393	36.3183	0.0001	     0
0	KAYNVTQAF	PEPLIST	KAYNVTQAF	KAYNVTQAF	0.0220	2.3383	0.1337	4.8778	0.0220	     0
0	KCYGVSPTK	PEPLIST	KCYGVSPTK	KCYGVSPTK	0.0004	14.8243	0.0285	55.9981	0.0004	     0
0	KEIDRLNEV	PEPLIST	KEIDRLNEV	KEIDRLNEV	0.4233	0.3461	0.3252	0.8632	0.4233	     1
0	KENSYTTTIKPVTY	PEPLIST	KENSKPVTY	KENSYTTTIKPVTY	0.0889	1.0994	0.2783	1.2347	0.0889	     1
0	KFADDLNQL	PEPLIST	KFADDLNQL	KFADDLNQL	0.0017	8.1938	0.0390	36.7787	0.0017	     0
0	KFALTCFSTQF	PEPLIST	KFALTSTQF	KFALTCFSTQF	0.0003	18.7353	0.0762	12.3804	0.0003	     0
0	KFCLEASFNY	PEPLIST	KFLEASFNY	KFCLEASFNY	0.0007	12.4500	0.0831	10.6592	0.0007	     0
0	KFLPFQQFGR	PEPLIST	KFLPFQQFR	KFLPFQQFGR	0.0000	42.5000	0.0361	41.0739	0.0000	     0
0	KFPRGQGVPI	PEPLIST	KPRGQGVPI	KFPRGQGVPI	0.0001	35.6000	0.0430	31.7140	0.0001	     0
0	KIADYNYKL	PEPLIST	KIADYNYKL	KIADYNYKL	0.0017	8.1770	0.0546	21.5066	0.0017	     0
0	KIAEIPKEEV	PEPLIST	KIAEIPKEV	KIAEIPKEEV	0.0002	23.3750	0.0304	51.7307	0.0002	     0
0	KIEELFYSY	PEPLIST	KIEELFYSY	KIEELFYSY	0.0043	5.3799	0.0740	12.9758	0.0043	     0
0	KIFPPTEPK	PEPLIST	KIFPPTEPK	KIFPPTEPK	0.0005	14.5946	0.0313	49.8008	0.0005	     0
0	KIFVDGVPFV	PEPLIST	KFVDGVPFV	KIFVDGVPFV	0.0001	26.0000	0.0533	22.3993	0.0001	     0
0	KIYSKHTPI	PEPLIST	KIYSKHTPI	KIYSKHTPI	0.0003	17.0250	0.0568	20.1479	0.0003	     0
0	KKQQTVTLL	PEPLIST	KKQQTVTLL	KKQQTVTLL	0.0032	6.2247	0.0599	18.4502	0.0032	     0
0	KLDDKDPNF	PEPLIST	KLDDKDPNF	KLDDKDPNF	0.0106	3.4519	0.0363	40.8016	0.0106	     0
0	KLDGFMGRI	PEPLIST	KLDGFMGRI	KLDGFMGRI	0.0001	24.7692	0.0420	32.8077	0.0001	     0
0	KLFAAETLK	PEPLIST	KLFAAETLK	KLFAAETLK	0.0001	30.8571	0.0378	38.4011	0.0001	     0
0	KLFDRYFKY	PEPLIST	KLFDRYFKY	KLFDRYFKY	0.0380	1.7446	0.1328	4.9278	0.0380	     1
0	KLFIRQEEV	PEPLIST	KLFIRQEEV	KLFIRQEEV	0.0003	17.4250	0.0415	33.4993	0.0003	     0
0	KLGSLVVRC	PEPLIST	KLGSLVVRC	KLGSLVVRC	0.0000	40.5000	0.0229	69.6877	0.0000	     0
0	KLINIIIWF	PEPLIST	KLINIIIWF	KLINIIIWF	0.0024	7.0850	0.0886	9.5435	0.0024	     0
0	KLKDCVMYA	PEPLIST	KLKDCVMYA	KLKDCVMYA	0.0001	26.7000	0.0628	17.0446	0.0001	     0
0	KLLEQWNLV	PEPLIST	KLLEQWNLV	KLLEQWNLV	0.0003	18.5882	0.0609	17.9381	0.0003	     0
0	KLLHKPIVWHV	PEPLIST	KHKPIVWHV	KLLHKPIVWHV	0.0001	28.0000	0.0394	36.2527	0.0001	     0
0	KLMGHFAWW	PEPLIST	KLMGHFAWW	KLMGHFAWW	0.0102	3.5011	0.2709	1.3089	0.0102	     0
0	KLMPVCVET	PEPLIST	KLMPVCVET	KLMPVCVET	0.0000	45.0000	0.0456	28.8503	0.0000	     0
0	KLNDLCFTNV	PEPLIST	KLNDLFTNV	KLNDLCFTNV	0.0000	39.3333	0.0816	10.9876	0.0000	     0
0	KLNEEIAII	PEPLIST	KLNEEIAII	KLNEEIAII	0.0008	11.7179	0.0671	15.2169	0.0008	     0
0	KLNIKLLGV	PEPLIST	KLNIKLLGV	KLNIKLLGV	0.0002	21.6500	0.0463	28.2056	0.0002	     0
0	KLNVGDYFV	PEPLIST	KLNVGDYFV	KLNVGDYFV	0.0001	33.6000	0.0519	23.4140	0.0001	     0
0	KLPDDFTGCV	PEPLIST	KPDDFTGCV	KLPDDFTGCV	0.0001	30.2857	0.0405	34.8331	0.0001	     0
0	KLSYGIATV	PEPLIST	KLSYGIATV	KLSYGIATV	0.0002	21.5000	0.0529	22.6847	0.0002	     0
0	KLVNKFLAL	PEPLIST	KLVNKFLAL	KLVNKFLAL	0.0007	12.1000	0.0641	16.4385	0.0007	     0
0	KLVSSFLEM	PEPLIST	KLVSSFLEM	KLVSSFLEM	0.0006	12.7250	0.0796	11.4761	0.0006	     0
0	KLWAQCVQL	PEPLIST	KLWAQCVQL	KLWAQCVQL	0.0002	21.1500	0.0572	19.9091	0.0002	     0
0	KMADQAMTQMY	PEPLIST	KDQAMTQMY	KMADQAMTQMY	0.0053	4.8797	0.0979	8.1076	0.0053	     0
0	KMFDAYVNTF	PEPLIST	KMFDAVNTF	KMFDAYVNTF	0.0024	7.0533	0.1372	4.6733	0.0024	     0
0	KMKDLSPRW	PEPLIST	KMKDLSPRW	KMKDLSPRW	0.0852	1.1272	0.1869	2.7809	0.0852	     1
0	KMQRMLLEK	PEPLIST	KMQRMLLEK	KMQRMLLEK	0.0001	31.0000	0.0573	19.8515	0.0001	     0
0	KNIDGYFKIY	PEPLIST	KNIDGYFKY	KNIDGYFKIY	0.0046	5.1847	0.1004	7.7755	0.0046	     0
0	KNLSDRVVFV	PEPLIST	KNSDRVVFV	KNLSDRVVFV	0.0001	33.2000	0.0561	20.5319	0.0001	     0
0	KPFERDISTEI	PEPLIST	KERDISTEI	KPFERDISTEI	0.0290	1.9907	0.1329	4.9216	0.0290	     1
0	KPFERDISTEIY	PEPLIST	KPFESTEIY	KPFERDISTEIY	0.0017	8.2536	0.0829	10.7092	0.0017	     0
0	KPHNSHEGKTF	PEPLIST	KPHNEGKTF	KPHNSHEGKTF	0.0036	5.8339	0.0414	33.5440	0.0036	     0
0	KPLEFGATSAAL	PEPLIST	KPLEFGATL	KPLEFGATSAAL	0.0001	34.7500	0.0639	16.5229	0.0001	     0
0	KPNELSRVL	PEPLIST	KPNELSRVL	KPNELSRVL	0.0082	3.9215	0.0582	19.3175	0.0082	     0
0	KPPISFPL	PEPLIST	KP-PISFPL	KPPISFPL	0.0001	30.5714	0.0263	61.1332	0.0001	     0
0	KPRQKRTAT	PEPLIST	KPRQKRTAT	KPRQKRTAT	0.0002	22.5556	0.0160	87.3442	0.0002	     0
0	KPRSQMEIDF	PEPLIST	KPRSQMEIF	KPRSQMEIDF	0.0004	15.1129	0.0556	20.8515	0.0004	     0
0	KPVETSNSFDVL	PEPLIST	KPVETSNSL	KPVETSNSFDVL	0.0001	26.7000	0.0498	25.0365	0.0001	     0
0	KPYIKWDLL	PEPLIST	KPYIKWDLL	KPYIKWDLL	0.0008	11.8269	0.0480	26.5657	0.0008	     0
0	KQEILGTVSW	PEPLIST	KEILGTVSW	KQEILGTVSW	0.8944	0.0461	0.6909	0.0206	0.8944	     1
0	KQFDTYNLW	PEPLIST	KQFDTYNLW	KQFDTYNLW	0.3963	0.3720	0.3826	0.5634	0.3963	     1
0	KQGDDYVYL	PEPLIST	KQGDDYVYL	KQGDDYVYL	0.0036	5.8253	0.0657	15.7797	0.0036	     0
0	KQIYKTPPIKDF	PEPLIST	KQIPPIKDF	KQIYKTPPIKDF	0.0023	7.1830	0.0831	10.6627	0.0023	     0
0	KQLIKVTLVF	PEPLIST	KQIKVTLVF	KQLIKVTLVF	0.0068	4.2966	0.1699	3.2732	0.0068	     0
0	KRVDWTIEY	PEPLIST	KRVDWTIEY	KRVDWTIEY	0.0236	2.2591	0.0795	11.5194	0.0236	     0
0	KSAAEASKK	PEPLIST	KSAAEASKK	KSAAEASKK	0.0001	26.5000	0.0262	61.4233	0.0001	     0
0	KSAGFPFNK	PEPLIST	KSAGFPFNK	KSAGFPFNK	0.0002	20.6957	0.0455	28.9202	0.0002	     0
0	KSAGFPFNKW	PEPLIST	KSAGPFNKW	KSAGFPFNKW	0.0124	3.1943	0.1726	3.1891	0.0124	     0
0	KSNLKPFER	PEPLIST	KSNLKPFER	KSNLKPFER	0.0002	19.8333	0.0216	73.0519	0.0002	     0
0	KSWMESEFRVY	PEPLIST	KMESEFRVY	KSWMESEFRVY	0.0005	14.0541	0.0749	12.7315	0.0005	     0
0	KTFPPIEPK	PEPLIST	KTFPPIEPK	KTFPPIEPK	0.0017	8.1388	0.0387	37.1960	0.0017	     0
0	KTFPPTEPK	PEPLIST	KTFPPTEPK	KTFPPTEPK	0.0017	8.3014	0.0391	36.6776	0.0017	     0
0	KTFPPTEPKK	PEPLIST	KTFPPTPKK	KTFPPTEPKK	0.0006	13.4255	0.0271	59.2764	0.0006	     0
0	KTFPPTEPKKDKKK	PEPLIST	KTFPPTKKK	KTFPPTEPKKDKKK	0.0001	36.3333	0.0147	90.1990	0.0001	     0
0	KTIQPRVEK	PEPLIST	KTIQPRVEK	KTIQPRVEK	0.0009	11.1538	0.0325	47.5513	0.0009	     0
0	KTLPPTEPK	PEPLIST	KTLPPTEPK	KTLPPTEPK	0.0007	12.3333	0.0315	49.3846	0.0007	     0
0	KTSVDCTMYI	PEPLIST	KTSVDTMYI	KTSVDCTMYI	0.0000	50.0000	0.0879	9.6802	0.0000	     0
0	KVAGFAKFL	PEPLIST	KVAGFAKFL	KVAGFAKFL	0.0008	11.5705	0.0671	15.2211	0.0008	     0
0	KVAGFAKFLK	PEPLIST	KVAGFAKLK	KVAGFAKFLK	0.0000	42.5000	0.0533	22.3480	0.0000	     0
0	KVDGVDVEL	PEPLIST	KVDGVDVEL	KVDGVDVEL	0.0014	9.0677	0.0278	57.6221	0.0014	     0
0	KVDGVVQQL	PEPLIST	KVDGVVQQL	KVDGVVQQL	0.0070	4.2328	0.0352	42.5732	0.0070	     0
0	KVFRSSVLH	PEPLIST	KVFRSSVLH	KVFRSSVLH	0.0010	10.5594	0.0413	33.7714	0.0010	     0
0	KVGGNYNYLY	PEPLIST	KVGGNYNLY	KVGGNYNYLY	0.0003	17.6250	0.0800	11.3760	0.0003	     0
0	KWPWYIWLGF	PEPLIST	KPWYIWLGF	KWPWYIWLGF	0.0002	19.7000	0.1155	6.2126	0.0002	     0
0	LAAVYRINW	PEPLIST	LAAVYRINW	LAAVYRINW	0.0034	5.9821	0.1318	4.9899	0.0034	     0
0	LAAVYRINWI	PEPLIST	LAAVYRINW	LAAVYRINW	0.0000	68.3333	0.0574	19.8061	0.0000	     0
0	LADAGFIKQY	PEPLIST	LDAGFIKQY	LADAGFIKQY	0.0198	2.4461	0.1395	4.5420	0.0198	     0
0	LALLLLDRL	PEPLIST	LALLLLDRL	LALLLLDRL	0.0001	32.4000	0.0409	34.3088	0.0001	     0
0	LATNNLVVM	PEPLIST	LATNNLVVM	LATNNLVVM	0.0001	25.0833	0.0446	29.8698	0.0001	     0
0	LAYYFMRFR	PEPLIST	LAYYFMRFR	LAYYFMRFR	0.0000	44.5000	0.0443	30.2670	0.0000	     0
0	LDYIINLII	PEPLIST	LDYIINLII	LDYIINLII	0.0006	12.9917	0.1091	6.8002	0.0006	     0
0	LEAPFLYLY	PEPLIST	LEAPFLYLY	LEAPFLYLY	0.8103	0.0829	0.6269	0.0598	0.8103	     1
0	LEDKAFQL	PEPLIST	LED-KAFQL	LEDKAFQL	0.0141	2.9707	0.0910	9.1665	0.0141	     0
0	LEFGATSAAL	PEPLIST	LEFGATSAL	LEFGATSAAL	0.0132	3.0892	0.2812	1.2062	0.0132	     0
0	LEIPRRNVATL	PEPLIST	LEIPNVATL	LEIPRRNVATL	0.0244	2.2153	0.1591	3.6474	0.0244	     0
0	LEMELTPVV	PEPLIST	LEMELTPVV	LEMELTPVV	0.1234	0.8926	0.4269	0.3962	0.1234	     1
0	LEPLVDLPI	PEPLIST	LEPLVDLPI	LEPLVDLPI	0.0023	7.2277	0.1775	3.0356	0.0023	     0
0	LEYHDVRVVL	PEPLIST	LEHDVRVVL	LEYHDVRVVL	0.0335	1.8597	0.2170	2.0936	0.0335	     1
0	LFLLPSLATV	PEPLIST	LFLPSLATV	LFLLPSLATV	0.0000	55.0000	0.0489	25.8202	0.0000	     0
0	LGAENSVAY	PEPLIST	LGAENSVAY	LGAENSVAY	0.0031	6.2383	0.0615	17.6501	0.0031	     0
0	LGAENSVAYSNN	PEPLIST	AENSVAYSN	AENSVAYSNN	0.0000	95.0000	0.0527	22.8071	0.0000	     0
0	LGDVRETMSY	PEPLIST	LDVRETMSY	LGDVRETMSY	0.0015	8.6990	0.0814	11.0507	0.0015	     0
0	LHKPIVWHV	PEPLIST	LHKPIVWHV	LHKPIVWHV	0.0015	8.7449	0.0409	34.1905	0.0015	     0
0	LIDLQELGKYEQYI	PEPLIST	LELGKYEQY	LIDLQELGKYEQY	0.0000	80.0000	0.0316	49.2899	0.0000	     0
0	LIIMRTFKV	PEPLIST	LIIMRTFKV	LIIMRTFKV	0.0000	42.5000	0.0410	34.1748	0.0000	     0
0	LITGRLQSL	PEPLIST	LITGRLQSL	LITGRLQSL	0.0002	22.7778	0.0239	67.2069	0.0002	     0
0	LITGRLQSLQTYV	PEPLIST	LRLQSLQTY	LITGRLQSLQTY	0.0000	75.0000	0.0330	46.5110	0.0000	     0
0	LKKLKKSL	PEPLIST	LKK-LKKSL	LKKLKKSL	0.0001	31.3333	0.0128	93.7226	0.0001	     0
0	LLADKFPVL	PEPLIST	LLADKFPVL	LLADKFPVL	0.0006	13.2128	0.0425	32.2306	0.0006	     0
0	LLALHRSYL	PEPLIST	LLALHRSYL	LLALHRSYL	0.0002	23.1250	0.0559	20.6494	0.0002	     0
0	LLDDFVEII	PEPLIST	LLDDFVEII	LLDDFVEII	0.0003	18.7647	0.0382	37.8984	0.0003	     0
0	LLDRLNQL	PEPLIST	LLD-RLNQL	LLDRLNQL	0.0001	28.6250	0.0207	75.6401	0.0001	     0
0	LLFLMSFTV	PEPLIST	LLFLMSFTV	LLFLMSFTV	0.0000	45.5000	0.0581	19.4127	0.0000	     0
0	LLFNKVTLA	PEPLIST	LLFNKVTLA	LLFNKVTLA	0.0001	34.2500	0.0412	33.8883	0.0001	     0
0	LLIIMRTFK	PEPLIST	LLIIMRTFK	LLIIMRTFK	0.0000	65.0000	0.0372	39.4041	0.0000	     0
0	LLKEPCSSGTY	PEPLIST	LEPCSSGTY	LLKEPCSSGTY	0.0032	6.2267	0.1296	5.1405	0.0032	     0
0	LLLDDFVEI	PEPLIST	LLLDDFVEI	LLLDDFVEI	0.0005	14.2162	0.0554	20.9505	0.0005	     0
0	LLLDDFVEII	PEPLIST	LLLDDFVEI	LLLDDFVEII	0.0000	49.5000	0.0462	28.2445	0.0000	     0
0	LLLDRLNQL	PEPLIST	LLLDRLNQL	LLLDRLNQL	0.0007	12.2333	0.0375	38.8911	0.0007	     0
0	LLLLDRLNQL	PEPLIST	LLLDRLNQL	LLLLDRLNQL	0.0000	41.6667	0.0333	46.0239	0.0000	     0
0	LLMPILTLT	PEPLIST	LLMPILTLT	LLMPILTLT	0.0000	39.6667	0.0486	26.0788	0.0000	     0
0	LLNKHIDAY	PEPLIST	LLNKHIDAY	LLNKHIDAY	0.0052	4.9121	0.0850	10.2524	0.0052	     0
0	LLQYGSFCT	PEPLIST	LLQYGSFCT	LLQYGSFCT	0.0000	70.0000	0.0340	44.7579	0.0000	     0
0	LLSAGIFGA	PEPLIST	LLSAGIFGA	LLSAGIFGA	0.0000	65.0000	0.0416	33.3364	0.0000	     0
0	LLTDEMIAQY	PEPLIST	LTDEMIAQY	LLTDEMIAQY	0.0008	11.3141	0.0613	17.7472	0.0008	     0
0	LLWPVTLAC	PEPLIST	LLWPVTLAC	LLWPVTLAC	0.0000	46.0000	0.0282	56.6845	0.0000	     0
0	LLWPVTLACFV	PEPLIST	LLWPVTLAF	LLWPVTLACF	0.0000	63.3333	0.0480	26.5911	0.0000	     0
0	LLYDANYFL	PEPLIST	LLYDANYFL	LLYDANYFL	0.0002	20.2174	0.0597	18.5468	0.0002	     0
0	LMIERFVSL	PEPLIST	LMIERFVSL	LMIERFVSL	0.0009	10.7178	0.0743	12.9098	0.0009	     0
0	LMVVIPDYNTY	PEPLIST	LVIPDYNTY	LMVVIPDYNTY	0.0005	14.2297	0.0515	23.7393	0.0005	     0
0	LPAADLDDF	PEPLIST	LPAADLDDF	LPAADLDDF	0.0007	12.5667	0.0480	26.5438	0.0007	     0
0	LPFAMGIIAM	PEPLIST	LPFAGIIAM	LPFAMGIIAM	0.0001	31.5000	0.0613	17.7711	0.0001	     0
0	LPFGWLIV	PEPLIST	LPF-GWLIV	LPFGWLIV	0.0000	56.2500	0.0303	52.0319	0.0000	     0
0	LPFNDGVYF	PEPLIST	LPFNDGVYF	LPFNDGVYF	0.0045	5.2623	0.0745	12.8378	0.0045	     0
0	LPGVYSVI	PEPLIST	LPG-VYSVI	LPGVYSVI	0.0000	53.0000	0.0291	54.6574	0.0000	     0
0	LPIGINITRF	PEPLIST	LPIGNITRF	LPIGINITRF	0.0009	11.0064	0.0636	16.6704	0.0009	     0
0	LPKEITVAT	PEPLIST	LPKEITVAT	LPKEITVAT	0.0001	24.1538	0.0243	66.2033	0.0001	     0
0	LPKGIMMNV	PEPLIST	LPKGIMMNV	LPKGIMMNV	0.0002	22.2778	0.0327	47.1045	0.0002	     0
0	LPLTQYNRY	PEPLIST	LPLTQYNRY	LPLTQYNRY	0.0028	6.5242	0.0513	23.8615	0.0028	     0
0	LPLVSSQCV	PEPLIST	LPLVSSQCV	LPLVSSQCV	0.0001	35.4000	0.0386	37.3935	0.0001	     0
0	LPNNTASWF	PEPLIST	LPNNTASWF	LPNNTASWF	0.0030	6.3920	0.0942	8.6700	0.0030	     0
0	LPPAYTNSF	PEPLIST	LPPAYTNSF	LPPAYTNSF	0.0051	4.9453	0.0485	26.1699	0.0051	     0
0	LPPLLTDEM	PEPLIST	LPPLLTDEM	LPPLLTDEM	0.0001	26.9000	0.0228	70.0662	0.0001	     0
0	LPQGFSAL	PEPLIST	LPQ-GFSAL	LPQGFSAL	0.0002	22.6667	0.0290	54.9214	0.0002	     0
0	LPQGFSALEPL	PEPLIST	LPQGFSALL	LPQGFSALEPL	0.0000	42.0000	0.0354	42.2479	0.0000	     0
0	LPRVFSAV	PEPLIST	LPR-VFSAV	LPRVFSAV	0.0000	41.3333	0.0299	52.8001	0.0000	     0
0	LPYGANKDGI	PEPLIST	LPYGANKGI	LPYGANKDGI	0.0001	34.7500	0.0438	30.8086	0.0001	     0
0	LPYPDPSRI	PEPLIST	LPYPDPSRI	LPYPDPSRI	0.0030	6.3619	0.0405	34.7530	0.0030	     0
0	LPYPDPSRIL	PEPLIST	LPYPDPSRL	LPYPDPSRIL	0.0010	10.3663	0.0366	40.3746	0.0010	     0
0	LQELGKYEQY	PEPLIST	LELGKYEQY	LQELGKYEQY	0.1935	0.6887	0.2357	1.7571	0.1935	     1
0	LQFAYANRNRFLY	PEPLIST	LQFRNRFLY	LQFAYANRNRFLY	0.0001	26.6000	0.1191	5.9084	0.0001	     0
0	LQIPFAMQMAY	PEPLIST	LQIPFAMQY	LQIPFAMQMAY	0.0018	7.9774	0.1035	7.3903	0.0018	     0
0	LQLGFSTGV	PEPLIST	LQLGFSTGV	LQLGFSTGV	0.0003	18.7353	0.0916	9.0643	0.0003	     0
0	LQLPQGTTL	PEPLIST	LQLPQGTTL	LQLPQGTTL	0.0086	3.8393	0.0598	18.4808	0.0086	     0
0	LRGTAVMSL	PEPLIST	LRGTAVMSL	LRGTAVMSL	0.0002	22.7778	0.0368	40.0365	0.0002	     0
0	LRIMASLVL	PEPLIST	LRIMASLVL	LRIMASLVL	0.0001	24.1538	0.0517	23.5946	0.0001	     0
0	LRKHFSMMI	PEPLIST	LRKHFSMMI	LRKHFSMMI	0.0001	26.9000	0.0455	28.9940	0.0001	     0
0	LRPDTRYV	PEPLIST	LRPDT-RYV	LRPDTRYV	0.0001	36.0000	0.0167	85.7516	0.0001	     0
0	LRVEAFEYY	PEPLIST	LRVEAFEYY	LRVEAFEYY	0.0040	5.5163	0.0670	15.2645	0.0040	     0
0	LSDDAVVCFNSTY	PEPLIST	LSDDANSTY	LSDDAVVCFNSTY	0.0002	22.6111	0.0657	15.7608	0.0002	     0
0	LSPRWYFYYL	PEPLIST	SPRWYFYYL	SPRWYFYYL	0.0000	68.3333	0.0604	18.1671	0.0000	     0
0	LSSTASALGK	PEPLIST	LSSTASLGK	LSSTASALGK	0.0000	66.6667	0.0422	32.5782	0.0000	     0
0	LSYFIASFR	PEPLIST	LSYFIASFR	LSYFIASFR	0.0000	45.0000	0.0478	26.7548	0.0000	     0
0	LTAFGLVAEW	PEPLIST	LTFGLVAEW	LTAFGLVAEW	0.0012	9.4839	0.1746	3.1262	0.0012	     0
0	LTAVVIPTK	PEPLIST	LTAVVIPTK	LTAVVIPTK	0.0001	26.6000	0.0321	48.3409	0.0001	     0
0	LTDEMIAQY	PEPLIST	LTDEMIAQY	LTDEMIAQY	0.0090	3.7561	0.0694	14.4280	0.0090	     0
0	LTDEMIAQYT	PEPLIST	LTDEMIAQY	LTDEMIAQY	0.0001	31.5000	0.0365	40.4984	0.0001	     0
0	LTGHMLDMY	PEPLIST	LTGHMLDMY	LTGHMLDMY	0.0001	26.9000	0.0490	25.6819	0.0001	     0
0	LTIKKPNEL	PEPLIST	LTIKKPNEL	LTIKKPNEL	0.0013	9.1581	0.0303	52.0231	0.0013	     0
0	LTNDNTSRYW	PEPLIST	LNDNTSRYW	LTNDNTSRYW	0.0065	4.3853	0.1498	4.0284	0.0065	     0
0	LVAEWFLAY	PEPLIST	LVAEWFLAY	LVAEWFLAY	0.0022	7.3775	0.1152	6.2388	0.0022	     0
0	LVIGAVILR	PEPLIST	LVIGAVILR	LVIGAVILR	0.0001	29.7143	0.0288	55.2466	0.0001	     0
0	LVKNKCVNF	PEPLIST	LVKNKCVNF	LVKNKCVNF	0.0005	13.8830	0.0415	33.4586	0.0005	     0
0	LVKPSFYVY	PEPLIST	LVKPSFYVY	LVKPSFYVY	0.0050	4.9869	0.0757	12.5195	0.0050	     0
0	LVKQGDDYVY	PEPLIST	LVKQGDDVY	LVKQGDDYVY	0.0007	11.8590	0.0500	24.8777	0.0007	     0
0	LVLSVNPYV	PEPLIST	LVLSVNPYV	LVLSVNPYV	0.0001	25.8333	0.0478	26.7706	0.0001	     0
0	LVQMAPISAM	PEPLIST	LQMAPISAM	LVQMAPISAM	0.0002	20.6522	0.1293	5.1561	0.0002	     0
0	LVSDIDITF	PEPLIST	LVSDIDITF	LVSDIDITF	0.0100	3.5451	0.0772	12.0745	0.0100	     0
0	LWLLWPVTL	PEPLIST	LWLLWPVTL	LWLLWPVTL	0.0001	24.3846	0.0389	36.9071	0.0001	     0
0	LWPVTLACF	PEPLIST	LWPVTLACF	LWPVTLACF	0.0001	26.4000	0.0432	31.4291	0.0001	     0
0	LYDKLVSSF	PEPLIST	LYDKLVSSF	LYDKLVSSF	0.0086	3.8493	0.0598	18.5064	0.0086	     0
0	LYLQYIRKL	PEPLIST	LYLQYIRKL	LYLQYIRKL	0.0008	11.5897	0.0388	36.9932	0.0008	     0
0	LYLYALVYF	PEPLIST	LYLYALVYF	LYLYALVYF	0.0004	15.2097	0.0498	25.0257	0.0004	     0
0	LYQPPQTSI	PEPLIST	LYQPPQTSI	LYQPPQTSI	0.0029	6.4339	0.0385	37.4513	0.0029	     0
0	LYYQNNVFM	PEPLIST	LYYQNNVFM	LYYQNNVFM	0.0003	18.7059	0.0428	31.8895	0.0003	     0
0	MACLVGLMW	PEPLIST	MACLVGLMW	MACLVGLMW	0.0041	5.4601	0.1970	2.5112	0.0041	     0
0	MASLVLARK	PEPLIST	MASLVLARK	MASLVLARK	0.0001	26.2000	0.0631	16.9265	0.0001	     0
0	MDLFMRIFTI	PEPLIST	MDFMRIFTI	MDLFMRIFTI	0.0003	16.9796	0.2152	2.1299	0.0003	     0
0	MELTPVVQTI	PEPLIST	MELPVVQTI	MELTPVVQTI	0.1948	0.6860	0.5084	0.2004	0.1948	     1
0	MEVTPSGTW	PEPLIST	MEVTPSGTW	MEVTPSGTW	0.9404	0.0265	0.7314	0.0100	0.9404	     1
0	MEVTPSGTWL	PEPLIST	MEVTPSGTW	MEVTPSGTW	0.1645	0.7646	0.5052	0.2074	0.1645	     1
0	MFDAYVNTF	PEPLIST	MFDAYVNTF	MFDAYVNTF	0.0178	2.5921	0.1221	5.6780	0.0178	     0
0	MFTPLVPFW	PEPLIST	MFTPLVPFW	MFTPLVPFW	0.0236	2.2576	0.1677	3.3447	0.0236	     0
0	MFVFLVLLPLVSS	PEPLIST	MFLLPLVSS	MFVFLVLLPLVSS	0.0000	100.0000	0.0282	56.6589	0.0000	     0
0	MFVKHKHAF	PEPLIST	MFVKHKHAF	MFVKHKHAF	0.0117	3.2908	0.0922	8.9702	0.0117	     0
0	MIAQYTSAL	PEPLIST	MIAQYTSAL	MIAQYTSAL	0.0004	15.0000	0.0797	11.4663	0.0004	     0
0	MKDLSPRWY	PEPLIST	MKDLSPRWY	MKDLSPRWY	0.0197	2.4511	0.1087	6.8441	0.0197	     0
0	MKDLSPRWYFYYL	PEPLIST	MKDLSPRYL	MKDLSPRWYFYYL	0.0000	57.5000	0.0616	17.6069	0.0000	     0
0	MLAHAEETR	PEPLIST	MLAHAEETR	MLAHAEETR	0.0001	35.4000	0.0297	53.3806	0.0001	     0
0	MLLGSMLYM	PEPLIST	MLLGSMLYM	MLLGSMLYM	0.0001	24.8462	0.0855	10.1605	0.0001	     0
0	MLRIMASL	PEPLIST	MLR-IMASL	MLRIMASL	0.0000	53.0000	0.0383	37.7772	0.0000	     0
0	MLWCKDGHV	PEPLIST	MLWCKDGHV	MLWCKDGHV	0.0000	70.0000	0.0615	17.6356	0.0000	     0
0	MMISAGFSL	PEPLIST	MMISAGFSL	MMISAGFSL	0.0005	13.7660	0.1362	4.7331	0.0005	     0
0	MPASWVMRI	PEPLIST	MPASWVMRI	MPASWVMRI	0.0015	8.5969	0.1145	6.3008	0.0015	     0
0	MPNMLRIMASL	PEPLIST	MPNMLRISL	MPNMLRIMASL	0.0001	37.2500	0.0615	17.6463	0.0001	     0
0	MPTTIAKNTV	PEPLIST	MPTTIAKTV	MPTTIAKNTV	0.0001	27.8889	0.0563	20.4174	0.0001	     0
0	MPYFFTLL	PEPLIST	MPY-FFTLL	MPYFFTLL	0.0002	21.2500	0.0726	13.4040	0.0002	     0
0	MSALNHTKK	PEPLIST	MSALNHTKK	MSALNHTKK	0.0001	23.7500	0.0405	34.7714	0.0001	     0
0	MSALNHTKKW	PEPLIST	MALNHTKKW	MSALNHTKKW	0.0101	3.5162	0.1703	3.2607	0.0101	     0
0	MSMTYGQQF	PEPLIST	MSMTYGQQF	MSMTYGQQF	0.0096	3.6301	0.2079	2.2814	0.0096	     0
0	MSNLGMPSY	PEPLIST	MSNLGMPSY	MSNLGMPSY	0.0034	5.9604	0.1020	7.5760	0.0034	     0
0	MVMCGGSLYV	PEPLIST	MVCGGSLYV	MVMCGGSLYV	0.0001	33.4000	0.1462	4.2048	0.0001	     0
0	MYASAVVLL	PEPLIST	MYASAVVLL	MYASAVVLL	0.0017	8.2727	0.0870	9.8561	0.0017	     0
0	MYKGLPWNV	PEPLIST	MYKGLPWNV	MYKGLPWNV	0.0003	18.4118	0.0419	32.9190	0.0003	     0
0	NASVVNIQK	PEPLIST	NASVVNIQK	NASVVNIQK	0.0003	16.7347	0.0395	36.0301	0.0003	     0
0	NATNVVIKV	PEPLIST	NATNVVIKV	NATNVVIKV	0.0010	10.4109	0.0573	19.8343	0.0010	     0
0	NATRFASVY	PEPLIST	NATRFASVY	NATRFASVY	0.0031	6.2860	0.1059	7.1284	0.0031	     0
0	NELSRVLGL	PEPLIST	NELSRVLGL	NELSRVLGL	0.4508	0.3198	0.4383	0.3677	0.4508	     1
0	NESLIDLQEL	PEPLIST	NESLILQEL	NESLIDLQEL	0.1134	0.9419	0.3793	0.5750	0.1134	     1
0	NGTITVEELK	PEPLIST	NTITVEELK	NGTITVEELK	0.0000	44.5000	0.0278	57.6315	0.0000	     0
0	NGVEGFNCY	PEPLIST	NGVEGFNCY	NGVEGFNCY	0.0022	7.3732	0.0615	17.6384	0.0022	     0
0	NIADYNYKL	PEPLIST	NIADYNYKL	NIADYNYKL	0.0017	8.2129	0.0555	20.8682	0.0017	     0
0	NINLHTQVV	PEPLIST	NINLHTQVV	NINLHTQVV	0.0004	15.5645	0.0530	22.6043	0.0004	     0
0	NITRFQTL	PEPLIST	NIT-RFQTL	NITRFQTL	0.0001	31.1667	0.0265	60.8137	0.0001	     0
0	NKATYKPNTW	PEPLIST	NKATKPNTW	NKATYKPNTW	0.0152	2.8605	0.1255	5.4228	0.0152	     0
0	NKCVNFNFNGLTGT	PEPLIST	NNFNGLTGT	NKCVNFNFNGLTGT	0.0000	100.0000	0.0193	79.2891	0.0000	     0
0	NLDSKVGGNY	PEPLIST	NDSKVGGNY	NLDSKVGGNY	0.0052	4.9055	0.1023	7.5319	0.0052	     0
0	NLHSSRLSF	PEPLIST	NLHSSRLSF	NLHSSRLSF	0.0057	4.7043	0.1048	7.2551	0.0057	     0
0	NLIDSYFVV	PEPLIST	NLIDSYFVV	NLIDSYFVV	0.0004	15.6613	0.0736	13.1106	0.0004	     0
0	NLKTLLSL	PEPLIST	NLK-TLLSL	NLKTLLSL	0.0001	33.8000	0.0297	53.3195	0.0001	     0
0	NLLKDCPAV	PEPLIST	NLLKDCPAV	NLLKDCPAV	0.0000	46.0000	0.0373	39.1342	0.0000	     0
0	NLLLLFVTV	PEPLIST	NLLLLFVTV	NLLLLFVTV	0.0001	23.9375	0.0665	15.4599	0.0001	     0
0	NLNESLIDL	PEPLIST	NLNESLIDL	NLNESLIDL	0.0005	14.1081	0.0534	22.2733	0.0005	     0
0	NLTTRTQL	PEPLIST	NLTTRT-QL	NLTTRTQL	0.0001	30.4286	0.0210	74.8544	0.0001	     0
0	NLWNTFTRL	PEPLIST	NLWNTFTRL	NLWNTFTRL	0.0006	13.0745	0.0688	14.6364	0.0006	     0
0	NLYDKLVSSFL	PEPLIST	NDKLVSSFL	NLYDKLVSSFL	0.0002	20.0870	0.0522	23.1463	0.0002	     0
0	NMLRIMASL	PEPLIST	NMLRIMASL	NMLRIMASL	0.0002	22.1667	0.0776	11.9735	0.0002	     0
0	NPANNAAIVL	PEPLIST	NPNNAAIVL	NPANNAAIVL	0.0001	24.5385	0.0574	19.8055	0.0001	     0
0	NPIQLSSYSL	PEPLIST	NPIQLSSSL	NPIQLSSYSL	0.0002	21.2000	0.0580	19.4404	0.0002	     0
0	NPKTPKYKF	PEPLIST	NPKTPKYKF	NPKTPKYKF	0.0231	2.2805	0.0425	32.2801	0.0231	     0
0	NPLLYDANY	PEPLIST	NPLLYDANY	NPLLYDANY	0.0010	10.5693	0.0592	18.7915	0.0010	     0
0	NPLLYDANYFL	PEPLIST	NPYDANYFL	NPLLYDANYFL	0.0001	32.0000	0.0402	35.1585	0.0001	     0
0	NPLLYDANYFLCW	PEPLIST	NDANYFLCW	NPLLYDANYFLCW	0.0003	17.9500	0.1597	3.6233	0.0003	     0
0	NQKLIANQF	PEPLIST	NQKLIANQF	NQKLIANQF	0.1149	0.9338	0.1738	3.1529	0.1149	     1
0	NRFLYIIKL	PEPLIST	NRFLYIIKL	NRFLYIIKL	0.0024	7.0389	0.0620	17.4292	0.0024	     0
0	NRKRISNCVAD	PEPLIST	NRISNCVAD	NRKRISNCVAD	0.0000	95.0000	0.0171	84.7887	0.0000	     0
0	NRYFRLTL	PEPLIST	NRY-FRLTL	NRYFRLTL	0.0002	21.1000	0.0365	40.4937	0.0002	     0
0	NSASFSTFK	PEPLIST	NSASFSTFK	NSASFSTFK	0.0001	24.3846	0.0645	16.2569	0.0001	     0
0	NSFSGYLKL	PEPLIST	NSFSGYLKL	NSFSGYLKL	0.0015	8.5995	0.0639	16.5506	0.0015	     0
0	NSFTRGVYY	PEPLIST	NSFTRGVYY	NSFTRGVYY	0.0079	3.9894	0.0981	8.0722	0.0079	     0
0	NSIAIPTNF	PEPLIST	NSIAIPTNF	NSIAIPTNF	0.0069	4.2681	0.1030	7.4535	0.0069	     0
0	NSSPDDQIGYY	PEPLIST	NSSPDDQYY	NSSPDDQIGYY	0.0021	7.5032	0.0409	34.2865	0.0021	     0
0	NSTNVTIATY	PEPLIST	NSTNVTITY	NSTNVTIATY	0.0007	11.8718	0.0912	9.1319	0.0007	     0
0	NTASWFTAL	PEPLIST	NTASWFTAL	NTASWFTAL	0.0008	11.6154	0.0847	10.3283	0.0008	     0
0	NTCDGTTFTY	PEPLIST	NTCDGTTTY	NTCDGTTFTY	0.0021	7.4870	0.0779	11.8979	0.0021	     0
0	NTFTRLQSL	PEPLIST	NTFTRLQSL	NTFTRLQSL	0.0018	8.0646	0.0552	21.0499	0.0018	     0
0	NTNSSPDDQIGYY	PEPLIST	NPDDQIGYY	NTNSSPDDQIGYY	0.0002	22.8333	0.0414	33.5992	0.0002	     0
0	NTSNQVAVLY	PEPLIST	NTNQVAVLY	NTSNQVAVLY	0.0014	9.0484	0.1044	7.2947	0.0014	     0
0	NTSRYWEPEFY	PEPLIST	NRYWEPEFY	NTSRYWEPEFY	0.0009	10.8614	0.0529	22.6605	0.0009	     0
0	NTVKSVGKF	PEPLIST	NTVKSVGKF	NTVKSVGKF	0.0025	6.9781	0.0644	16.2955	0.0025	     0
0	NVFAFPFTI	PEPLIST	NVFAFPFTI	NVFAFPFTI	0.0010	10.5743	0.1307	5.0589	0.0010	     0
0	NVIPTITQM	PEPLIST	NVIPTITQM	NVIPTITQM	0.0098	3.5756	0.0550	21.2453	0.0098	     0
0	NVKDFMSL	PEPLIST	NVKD-FMSL	NVKDFMSL	0.0001	24.7692	0.0289	55.0907	0.0001	     0
0	NVYADSFVIR	PEPLIST	NVYDSFVIR	NVYADSFVIR	0.0000	38.0000	0.0415	33.4363	0.0000	     0
0	NYIAQVDVVNFNL	PEPLIST	NYDVVNFNL	NYIAQVDVVNFNL	0.0000	60.0000	0.0448	29.7460	0.0000	     0
0	NYMPYFFTL	PEPLIST	NYMPYFFTL	NYMPYFFTL	0.0032	6.2218	0.1188	5.9327	0.0032	     0
0	NYNYLYRLF	PEPLIST	NYNYLYRLF	NYNYLYRLF	0.0029	6.5115	0.1004	7.7710	0.0029	     0
0	NYNYLYRLFRK	PEPLIST	NYNYLYRRK	NYNYLYRLFRK	0.0000	72.5000	0.0336	45.5216	0.0000	     0
0	NYNYRYRLF	PEPLIST	NYNYRYRLF	NYNYRYRLF	0.0029	6.4533	0.0732	13.2409	0.0029	     0
0	NYSGVVTTVMF	PEPLIST	NYSGVVTTF	NYSGVVTTVMF	0.0005	14.3108	0.0462	28.2525	0.0005	     0
0	NYYKKDNSY	PEPLIST	NYYKKDNSY	NYYKKDNSY	0.0071	4.2175	0.0521	23.2319	0.0071	     0
0	PFFSNVTWF	PEPLIST	PFFSNVTWF	PFFSNVTWF	0.0004	15.4355	0.0470	27.4878	0.0004	     0
0	PFMIDVQQW	PEPLIST	PFMIDVQQW	PFMIDVQQW	0.0060	4.5687	0.0852	10.2176	0.0060	     0
0	PPAYTNSFTRGVYY	PEPLIST	PPATRGVYY	PPAYTNSFTRGVYY	0.0000	66.6667	0.0350	42.9380	0.0000	     0
0	PTDNYITTY	PEPLIST	PTDNYITTY	PTDNYITTY	0.0012	9.4645	0.0335	45.7092	0.0012	     0
0	QECVRGTTVL	PEPLIST	QEVRGTTVL	QECVRGTTVL	0.0846	1.1319	0.2516	1.5287	0.0846	     1
0	QEILGTVSW	PEPLIST	QEILGTVSW	QEILGTVSW	0.9922	0.0027	0.7901	0.0078	0.9922	     1
0	QELGKYEQY	PEPLIST	QELGKYEQY	QELGKYEQY	0.9700	0.0104	0.4970	0.2255	0.9700	     1
0	QELIRQGTDY	PEPLIST	QEIRQGTDY	QELIRQGTDY	0.4888	0.2887	0.4405	0.3623	0.4888	     1
0	QELIRQGTDYKHW	PEPLIST	QELTDYKHW	QELIRQGTDYKHW	0.3115	0.4751	0.4545	0.3274	0.3115	     1
0	QEVFAQVKQIY	PEPLIST	QEAQVKQIY	QEVFAQVKQIY	0.9022	0.0431	0.4794	0.2659	0.9022	     1
0	QEVFAQVKQIYK	PEPLIST	QEAQVKQIY	QEVFAQVKQIY	0.0126	3.1751	0.1973	2.5038	0.0126	     0
0	QEYADVFHLY	PEPLIST	QEADVFHLY	QEYADVFHLY	0.9772	0.0078	0.7367	0.0098	0.9772	     1
0	QFAPSASAFF	PEPLIST	QFAPSASAF	QFAPSASAFF	0.0044	5.3148	0.1373	4.6723	0.0044	     0
0	QGLPNNTASW	PEPLIST	QGLPNNTSW	QGLPNNTASW	0.0105	3.4603	0.1219	5.6946	0.0105	     0
0	QGYKSVNITF	PEPLIST	QYKSVNITF	QGYKSVNITF	0.0015	8.6888	0.0734	13.1576	0.0015	     0
0	QIAPGQTGK	PEPLIST	QIAPGQTGK	QIAPGQTGK	0.0003	18.3824	0.0230	69.3600	0.0003	     0
0	QIPFAMQMAY	PEPLIST	QPFAMQMAY	QIPFAMQMAY	0.0009	10.7772	0.1067	7.0383	0.0009	     0
0	QLEMELTPV	PEPLIST	QLEMELTPV	QLEMELTPV	0.0000	61.6667	0.0372	39.3385	0.0000	     0
0	QLFFSYFAV	PEPLIST	QLFFSYFAV	QLFFSYFAV	0.0001	29.8571	0.0898	9.3564	0.0001	     0
0	QLMCQPILLL	PEPLIST	QLMQPILLL	QLMCQPILLL	0.0002	20.3478	0.1280	5.2516	0.0002	     0
0	QLRARSVSPK	PEPLIST	QRARSVSPK	QLRARSVSPK	0.0000	40.5000	0.0473	27.1695	0.0000	     0
0	QLTPTWRVY	PEPLIST	QLTPTWRVY	QLTPTWRVY	0.0224	2.3165	0.1164	6.1320	0.0224	     0
0	QLYLGGMSYY	PEPLIST	QLYLGGMSY	QLYLGGMSYY	0.0029	6.4348	0.1248	5.4729	0.0029	     0
0	QPGQTFSVL	PEPLIST	QPGQTFSVL	QPGQTFSVL	0.0008	11.7500	0.0402	35.1057	0.0008	     0
0	QPTESIVRF	PEPLIST	QPTESIVRF	QPTESIVRF	0.0387	1.7286	0.0587	19.0825	0.0387	     1
0	QPYRVVVL	PEPLIST	QPY-RVVVL	QPYRVVVL	0.0007	12.1500	0.0310	50.4430	0.0007	     0
0	QPYRVVVLSF	PEPLIST	QPYRVVVSF	QPYRVVVLSF	0.0013	9.2484	0.0914	9.1039	0.0013	     0
0	QQQQGQTVTK	PEPLIST	QQQQGQVTK	QQQQGQTVTK	0.0010	10.3911	0.0504	24.6052	0.0010	     0
0	QRNAPRITF	PEPLIST	QRNAPRITF	QRNAPRITF	0.0377	1.7519	0.0822	10.8730	0.0377	     1
0	QSAPHGVVF	PEPLIST	QSAPHGVVF	QSAPHGVVF	0.0201	2.4311	0.0959	8.4065	0.0201	     0
0	QSASKIITL	PEPLIST	QSASKIITL	QSASKIITL	0.0044	5.2922	0.0483	26.3433	0.0044	     0
0	QSCTQHQPY	PEPLIST	QSCTQHQPY	QSCTQHQPY	0.0019	7.8403	0.0680	14.9169	0.0019	     0
0	QSDIEVTGDSCNNY	PEPLIST	QSDIEVTGY	QSDIEVTGDSCNNY	0.0000	38.0000	0.0369	39.8034	0.0000	     0
0	QTNSPRRAR	PEPLIST	QTNSPRRAR	QTNSPRRAR	0.0012	9.4774	0.0314	49.6095	0.0012	     0
0	QTVKPGNFNK	PEPLIST	QTKPGNFNK	QTVKPGNFNK	0.0002	21.2000	0.0316	49.3373	0.0002	     0
0	QVVDMSMTY	PEPLIST	QVVDMSMTY	QVVDMSMTY	0.0311	1.9270	0.1227	5.6322	0.0311	     1
0	QVVNVVTTK	PEPLIST	QVVNVVTTK	QVVNVVTTK	0.0005	14.5541	0.0358	41.5550	0.0005	     0
0	QYIKWPWYI	PEPLIST	QYIKWPWYI	QYIKWPWYI	0.0008	11.8077	0.0785	11.7560	0.0008	     0
0	QYIKWPWYIW	PEPLIST	QYIKWPWYW	QYIKWPWYIW	0.0018	7.9435	0.1498	4.0280	0.0018	     0
0	RARSVSPKL	PEPLIST	RARSVSPKL	RARSVSPKL	0.0017	8.2081	0.0471	27.3776	0.0017	     0
0	RARSVSPKLFIR	PEPLIST	RVSPKLFIR	RARSVSPKLFIR	0.0000	57.5000	0.0387	37.1283	0.0000	     0
0	RASANLAATK	PEPLIST	RASALAATK	RASANLAATK	0.0001	35.8000	0.0487	25.9884	0.0001	     0
0	REGVFVSNGTHW	PEPLIST	REVSNGTHW	REGVFVSNGTHW	0.6813	0.1533	0.5975	0.0867	0.6813	     1
0	REQIDGYVMHANY	PEPLIST	REQIDGANY	REQIDGYVMHANY	0.0347	1.8293	0.2909	1.1157	0.0347	     1
0	RFASVYAWNR	PEPLIST	RFASVAWNR	RFASVYAWNR	0.0000	49.5000	0.0575	19.7479	0.0000	     0
0	RFASVYAWNRKR	PEPLIST	RFASVNRKR	RFASVYAWNRKR	0.0000	66.6667	0.0334	45.7617	0.0000	     0
0	RFDNPVLPF	PEPLIST	RFDNPVLPF	RFDNPVLPF	0.0053	4.8482	0.0746	12.8136	0.0053	     0
0	RFLYIIKLIF	PEPLIST	RFLYIIKLF	RFLYIIKLIF	0.0003	17.1250	0.0962	8.3577	0.0003	     0
0	RFPNITNLCPF	PEPLIST	RFPNITNLF	RFPNITNLCPF	0.0003	18.7647	0.0767	12.2213	0.0003	     0
0	RIAGHHLGR	PEPLIST	RIAGHHLGR	RIAGHHLGR	0.0002	22.2222	0.0328	47.0174	0.0002	     0
0	RIFTIGTVTLK	PEPLIST	RTIGTVTLK	RIFTIGTVTLK	0.0000	40.0000	0.0331	46.3162	0.0000	     0
0	RIKASMPTT	PEPLIST	RIKASMPTT	RIKASMPTT	0.0000	46.0000	0.0243	66.2186	0.0000	     0
0	RILGAGCFV	PEPLIST	RILGAGCFV	RILGAGCFV	0.0000	49.5000	0.0547	21.4176	0.0000	     0
0	RIMTWLDMV	PEPLIST	RIMTWLDMV	RIMTWLDMV	0.0000	44.0000	0.0787	11.7058	0.0000	     0
0	RIRGGDGKM	PEPLIST	RIRGGDGKM	RIRGGDGKM	0.0001	24.6154	0.0269	59.7371	0.0001	     0
0	RIRGGDGKMK	PEPLIST	RIRGGDGKK	RIRGGDGKMK	0.0001	34.2500	0.0203	76.6946	0.0001	     0
0	RISNCVADY	PEPLIST	RISNCVADY	RISNCVADY	0.0002	19.6667	0.0781	11.8650	0.0002	     0
0	RKRISNCVAD	PEPLIST	RKRISNVAD	RKRISNCVAD	0.0000	95.0000	0.0326	47.3424	0.0000	     0
0	RLANECAQV	PEPLIST	RLANECAQV	RLANECAQV	0.0001	29.8571	0.0465	27.9661	0.0001	     0
0	RLDKVEAEV	PEPLIST	RLDKVEAEV	RLDKVEAEV	0.0004	15.5968	0.0301	52.3963	0.0004	     0
0	RLDKVEAEVQI	PEPLIST	RKVEAEVQI	RLDKVEAEVQI	0.0001	28.8750	0.0248	64.9582	0.0001	     0
0	RLFARTRS	PEPLIST	RLFARTRS-	RLFARTRS	0.0000	53.0000	0.0250	64.4076	0.0000	     0
0	RLFARTRSM	PEPLIST	RLFARTRSM	RLFARTRSM	0.0021	7.5161	0.0890	9.4794	0.0021	     0
0	RLFARTRSMW	PEPLIST	RLFARTRSW	RLFARTRSMW	0.0084	3.8763	0.2161	2.1109	0.0084	     0
0	RLFRKSNLK	PEPLIST	RLFRKSNLK	RLFRKSNLK	0.0003	18.2647	0.0509	24.1763	0.0003	     0
0	RLIDAMMFT	PEPLIST	RLIDAMMFT	RLIDAMMFT	0.0000	53.0000	0.0462	28.2226	0.0000	     0
0	RLITGRLQSL	PEPLIST	RLITGRQSL	RLITGRLQSL	0.0003	16.5714	0.0582	19.3440	0.0003	     0
0	RLNEVAKNL	PEPLIST	RLNEVAKNL	RLNEVAKNL	0.0062	4.4821	0.0763	12.3357	0.0062	     0
0	RLNQLESKM	PEPLIST	RLNQLESKM	RLNQLESKM	0.0011	9.7757	0.0537	22.0868	0.0011	     0
0	RLQSLQTY	PEPLIST	RLQ-SLQTY	RLQSLQTY	0.0016	8.4498	0.0510	24.0866	0.0016	     0
0	RLQSLQTYV	PEPLIST	RLQSLQTYV	RLQSLQTYV	0.0003	17.8750	0.0708	13.9542	0.0003	     0
0	RLYYDSMSY	PEPLIST	RLYYDSMSY	RLYYDSMSY	0.0081	3.9542	0.1321	4.9707	0.0081	     0
0	RMYIFFASFY	PEPLIST	RYIFFASFY	RMYIFFASFY	0.0008	11.5321	0.1854	2.8200	0.0008	     0
0	RNPANNAAIVL	PEPLIST	RANNAAIVL	RNPANNAAIVL	0.0000	40.5000	0.0339	44.9632	0.0000	     0
0	RNRFLYIIK	PEPLIST	RNRFLYIIK	RNRFLYIIK	0.0000	60.0000	0.0346	43.6708	0.0000	     0
0	RNRFLYIIKL	PEPLIST	RRFLYIIKL	RNRFLYIIKL	0.0001	28.7500	0.0632	16.8802	0.0001	     0
0	RPDTRYVL	PEPLIST	RPD-TRYVL	RPDTRYVL	0.0004	15.2258	0.0265	60.7498	0.0004	     0
0	RPDTRYVLM	PEPLIST	RPDTRYVLM	RPDTRYVLM	0.0018	7.9290	0.0456	28.8633	0.0018	     0
0	RPFERDISNVPFS	PEPLIST	RPFERDISF	RPFERDISNVPF	0.0000	57.5000	0.0388	37.0014	0.0000	     0
0	RPLLESEL	PEPLIST	RPL-LESEL	RPLLESEL	0.0001	24.2308	0.0201	77.1327	0.0001	     0
0	RPQGLPNNTA	PEPLIST	RPQGPNNTA	RPQGLPNNTA	0.0003	18.5000	0.0412	33.8436	0.0003	     0
0	RPQIGVVREF	PEPLIST	RQIGVVREF	RPQIGVVREF	0.0239	2.2404	0.1669	3.3698	0.0239	     0
0	RQLLFVVEV	PEPLIST	RQLLFVVEV	RQLLFVVEV	0.0039	5.5629	0.1365	4.7158	0.0039	     0
0	RRGPEQTQGNF	PEPLIST	RRGPEQTQF	RRGPEQTQGNF	0.0010	10.6040	0.0323	48.0000	0.0010	     0
0	RSVASQSII	PEPLIST	RSVASQSII	RSVASQSII	0.0001	24.6923	0.0664	15.4956	0.0001	     0
0	RTATKAYNV	PEPLIST	RTATKAYNV	RTATKAYNV	0.0003	16.7755	0.0516	23.6280	0.0003	     0
0	RTFKVSIWNLDY	PEPLIST	RTFKVSLDY	RTFKVSIWNLDY	0.0001	36.3333	0.0653	15.9182	0.0001	     0
0	RTIKVFTTV	PEPLIST	RTIKVFTTV	RTIKVFTTV	0.0011	9.9632	0.0675	15.0741	0.0011	     0
0	RTNVYLAVF	PEPLIST	RTNVYLAVF	RTNVYLAVF	0.0007	12.5000	0.1142	6.3279	0.0007	     0
0	RTRSMWSF	PEPLIST	RTR-SMWSF	RTRSMWSF	0.0001	23.7500	0.0586	19.0914	0.0001	     0
0	RTTNGDFLHF	PEPLIST	RTNGDFLHF	RTTNGDFLHF	0.0012	9.4548	0.1024	7.5150	0.0012	     0
0	RVAGDSGFAAY	PEPLIST	RVDSGFAAY	RVAGDSGFAAY	0.0013	9.1194	0.0700	14.2498	0.0013	     0
0	RVAGDSGFAAYSRY	PEPLIST	RVAGDSSRY	RVAGDSGFAAYSRY	0.0001	34.5000	0.0465	27.9501	0.0001	     0
0	RVDFCGKGY	PEPLIST	RVDFCGKGY	RVDFCGKGY	0.0015	8.5638	0.0698	14.3105	0.0015	     0
0	RVGARKSAPL	PEPLIST	RVARKSAPL	RVGARKSAPL	0.0000	46.0000	0.0492	25.5642	0.0000	     0
0	RVQPTESIVRF	PEPLIST	RPTESIVRF	RVQPTESIVRF	0.0019	7.7661	0.0466	27.8512	0.0019	     0
0	RVYSTGSNV	PEPLIST	RVYSTGSNV	RVYSTGSNV	0.0004	14.9730	0.0647	16.1911	0.0004	     0
0	RVYSTGSNVF	PEPLIST	RVYSGSNVF	RVYSTGSNVF	0.0017	8.2081	0.1062	7.0910	0.0017	     0
0	RYFKYWDQTY	PEPLIST	RYFKWDQTY	RYFKYWDQTY	0.0022	7.2695	0.1004	7.7768	0.0022	     0
0	RYRIGNYKL	PEPLIST	RYRIGNYKL	RYRIGNYKL	0.0005	14.6081	0.0306	51.3138	0.0005	     0
0	SAFAMMFVK	PEPLIST	SAFAMMFVK	SAFAMMFVK	0.0001	32.6000	0.0829	10.7195	0.0001	     0
0	SAKNRARTV	PEPLIST	SAKNRARTV	SAKNRARTV	0.0017	8.2871	0.0500	24.9238	0.0017	     0
0	SAKSASVYY	PEPLIST	SAKSASVYY	SAKSASVYY	0.0218	2.3472	0.1242	5.5123	0.0218	     0
0	SALNHTKKW	PEPLIST	SALNHTKKW	SALNHTKKW	0.2239	0.6240	0.2113	2.2111	0.2239	     1
0	SALWEIQQVV	PEPLIST	SAWEIQQVV	SALWEIQQVV	0.0002	22.6667	0.0719	13.6316	0.0002	     0
0	SAMVRMYIF	PEPLIST	SAMVRMYIF	SAMVRMYIF	0.0013	9.1774	0.1699	3.2756	0.0013	     0
0	SANNCTFEY	PEPLIST	SANNCTFEY	SANNCTFEY	0.0093	3.6845	0.1949	2.5661	0.0093	     0
0	SAPPAQYEL	PEPLIST	SAPPAQYEL	SAPPAQYEL	0.0025	6.9124	0.0385	37.4119	0.0025	     0
0	SASAFFGMSR	PEPLIST	SASAFGMSR	SASAFFGMSR	0.0001	24.0000	0.0701	14.2031	0.0001	     0
0	SASFSTFKCY	PEPLIST	SASSTFKCY	SASFSTFKCY	0.0021	7.5113	0.1664	3.3831	0.0021	     0
0	SASKIITLK	PEPLIST	SASKIITLK	SASKIITLK	0.0015	8.7398	0.0631	16.9197	0.0015	     0
0	SASKIITLKKRW	PEPLIST	SASKIIKRW	SASKIITLKKRW	0.0041	5.4701	0.1201	5.8332	0.0041	     0
0	SDGTGTIY	PEPLIST	SDG-TGTIY	SDGTGTIY	0.0034	5.9557	0.0568	20.1193	0.0034	     0
0	SEDAQGMDNL	PEPLIST	SEDAQGMNL	SEDAQGMDNL	0.1012	1.0105	0.2960	1.0744	0.1012	     1
0	SEETGTLIV	PEPLIST	SEETGTLIV	SEETGTLIV	0.0550	1.4321	0.2314	1.8268	0.0550	     1
0	SEFSSLPSY	PEPLIST	SEFSSLPSY	SEFSSLPSY	0.9738	0.0089	0.6923	0.0199	0.9738	     1
0	SEHDYQIGGYTEKW	PEPLIST	SEHDYQIKW	SEHDYQIGGYTEKW	0.5298	0.2622	0.4820	0.2597	0.5298	     1
0	SEIIGYKAI	PEPLIST	SEIIGYKAI	SEIIGYKAI	0.6749	0.1577	0.6138	0.0714	0.6749	     1
0	SEISMDNSPNL	PEPLIST	SEMDNSPNL	SEISMDNSPNL	0.3167	0.4681	0.3782	0.5788	0.3167	     1
0	SELLTPLGI	PEPLIST	SELLTPLGI	SELLTPLGI	0.4681	0.3031	0.6134	0.0720	0.4681	     1
0	SELVIGAVI	PEPLIST	SELVIGAVI	SELVIGAVI	0.2562	0.5636	0.5716	0.1157	0.2562	     1
0	SELVIGAVIL	PEPLIST	SELVIGAVL	SELVIGAVIL	0.0681	1.2721	0.4360	0.3735	0.0681	     1
0	SEPVLKGVKL	PEPLIST	SEVLKGVKL	SEPVLKGVKL	0.2412	0.5895	0.2948	1.0830	0.2412	     1
0	SETKCTLKSF	PEPLIST	SETKTLKSF	SETKCTLKSF	0.8035	0.0856	0.6822	0.0251	0.8035	     1
0	SETKCTLKSFTVEK	PEPLIST	SEKSFTVEK	SETKCTLKSFTVEK	0.0004	15.9194	0.1028	7.4681	0.0004	     0
0	SEVGPEHSLAEY	PEPLIST	SEVGPEHSY	SEVGPEHSLAEY	0.7866	0.0928	0.4547	0.3268	0.7866	     1
0	SEYKGPITDVFY	PEPLIST	SEYKGPITY	SEYKGPITDVFY	0.7199	0.1295	0.4401	0.3632	0.7199	     1
0	SEYTGNYQCGHY	PEPLIST	SEYTGNYQY	SEYTGNYQCGHY	0.5401	0.2555	0.4951	0.2297	0.5401	     1
0	SFELLHAPATV	PEPLIST	SFEHAPATV	SFELLHAPATV	0.0001	32.8000	0.0697	14.3326	0.0001	     0
0	SFGPLVRKI	PEPLIST	SFGPLVRKI	SFGPLVRKI	0.0068	4.3056	0.0685	14.7328	0.0068	     0
0	SFIEDLLF	PEPLIST	SFIED-LLF	SFIEDLLF	0.0010	10.5149	0.0589	18.9320	0.0010	     0
0	SFKEELDKY	PEPLIST	SFKEELDKY	SFKEELDKY	0.0155	2.8337	0.0602	18.2826	0.0155	     0
0	SFLPGVYSV	PEPLIST	SFLPGVYSV	SFLPGVYSV	0.0025	6.9770	0.0642	16.4067	0.0025	     0
0	SFNPETNIL	PEPLIST	SFNPETNIL	SFNPETNIL	0.0041	5.4423	0.0537	22.0897	0.0041	     0
0	SFPQSAPHGVVF	PEPLIST	SFAPHGVVF	SFPQSAPHGVVF	0.0009	10.8267	0.0653	15.9148	0.0009	     0
0	SFYYVWKSY	PEPLIST	SFYYVWKSY	SFYYVWKSY	0.0188	2.4966	0.1420	4.4118	0.0188	     0
0	SICSTMTNR	PEPLIST	SICSTMTNR	SICSTMTNR	0.0000	39.6667	0.0226	70.6220	0.0000	     0
0	SIIAYTMSL	PEPLIST	SIIAYTMSL	SIIAYTMSL	0.0010	10.5495	0.1001	7.8120	0.0010	     0
0	SIIQFPNTY	PEPLIST	SIIQFPNTY	SIIQFPNTY	0.0216	2.3564	0.1044	7.2957	0.0216	     0
0	SITAQPVKI	PEPLIST	SITAQPVKI	SITAQPVKI	0.0011	10.1386	0.0409	34.2523	0.0011	     0
0	SIWNLDYIINL	PEPLIST	SNLDYIINL	SIWNLDYIINL	0.0001	37.0000	0.0430	31.7221	0.0001	     0
0	SKRVDFCGKGY	PEPLIST	SKDFCGKGY	SKRVDFCGKGY	0.0007	12.2917	0.0606	18.0848	0.0007	     0
0	SLDNVLSTF	PEPLIST	SLDNVLSTF	SLDNVLSTF	0.0145	2.9328	0.0952	8.5025	0.0145	     0
0	SLDTYPSLETI	PEPLIST	SLDPSLETI	SLDTYPSLETI	0.0003	17.6250	0.0472	27.2627	0.0003	     0
0	SLEDKAFQL	PEPLIST	SLEDKAFQL	SLEDKAFQL	0.0039	5.6359	0.0446	29.9402	0.0039	     0
0	SLENVAFNV	PEPLIST	SLENVAFNV	SLENVAFNV	0.0002	22.1111	0.0631	16.8888	0.0002	     0
0	SLIDLQEL	PEPLIST	SLID-LQEL	SLIDLQEL	0.0005	13.7872	0.0381	38.0086	0.0005	     0
0	SLINTLNDL	PEPLIST	SLINTLNDL	SLINTLNDL	0.0004	16.3061	0.0636	16.6854	0.0004	     0
0	SLIYSTAAL	PEPLIST	SLIYSTAAL	SLIYSTAAL	0.0003	16.7347	0.0845	10.3708	0.0003	     0
0	SLLLCRMNSRNYIA	PEPLIST	SLNSRNYIA	SLLLCRMNSRNYIA	0.0000	85.0000	0.0424	32.3633	0.0000	     0
0	SLLMPILTL	PEPLIST	SLLMPILTL	SLLMPILTL	0.0010	10.2327	0.0670	15.2653	0.0010	     0
0	SLLSVLLSM	PEPLIST	SLLSVLLSM	SLLSVLLSM	0.0013	9.2452	0.0984	8.0297	0.0013	     0
0	SLPGVFCGV	PEPLIST	SLPGVFCGV	SLPGVFCGV	0.0001	30.5714	0.0558	20.6875	0.0001	     0
0	SLRPDTRYVL	PEPLIST	SLRPDTRYL	SLRPDTRYVL	0.0005	14.5946	0.0514	23.7743	0.0005	     0
0	SLVKPSFYV	PEPLIST	SLVKPSFYV	SLVKPSFYV	0.0003	16.6327	0.0652	15.9647	0.0003	     0
0	SLYVNKHAF	PEPLIST	SLYVNKHAF	SLYVNKHAF	0.0174	2.6313	0.1208	5.7769	0.0174	     0
0	SMWALIISV	PEPLIST	SMWALIISV	SMWALIISV	0.0006	12.6667	0.1289	5.1852	0.0006	     0
0	SMWSFNPET	PEPLIST	SMWSFNPET	SMWSFNPET	0.0001	29.1429	0.0744	12.8757	0.0001	     0
0	SMWSFNPETNIL	PEPLIST	SFNPETNIL	SMWSFNPETNIL	0.0001	26.2000	0.0803	11.3051	0.0001	     0
0	SNSGSDVLY	PEPLIST	SNSGSDVLY	SNSGSDVLY	0.0156	2.8229	0.1080	6.9084	0.0156	     0
0	SPDDQIGYY	PEPLIST	SPDDQIGYY	SPDDQIGYY	0.0347	1.8287	0.0627	17.0802	0.0347	     1
0	SPFHPLADNKFAL	PEPLIST	SPFHPKFAL	SPFHPLADNKFAL	0.0001	29.2857	0.0443	30.2022	0.0001	     0
0	SPIFLIVAA	PEPLIST	SPIFLIVAA	SPIFLIVAA	0.0004	16.3265	0.0763	12.3320	0.0004	     0
0	SPRRARSV	PEPLIST	SPR-RARSV	SPRRARSV	0.0002	19.8333	0.0261	61.6445	0.0002	     0
0	SPRRARSVA	PEPLIST	SPRRARSVA	SPRRARSVA	0.0002	22.2778	0.0343	44.3000	0.0002	     0
0	SPRWYFYYL	PEPLIST	SPRWYFYYL	SPRWYFYYL	0.0003	16.9388	0.0771	12.1066	0.0003	     0
0	SPSGVYQCAM	PEPLIST	SPSGVYQAM	SPSGVYQCAM	0.0003	17.4750	0.0726	13.4108	0.0003	     0
0	SQASSRSSSR	PEPLIST	SQASSSSSR	SQASSRSSSR	0.0003	16.6327	0.0520	23.2973	0.0003	     0
0	SQDLSVVSK	PEPLIST	SQDLSVVSK	SQDLSVVSK	0.0060	4.5560	0.0733	13.2046	0.0060	     0
0	SQRVAGDSGF	PEPLIST	SQRAGDSGF	SQRVAGDSGF	0.0062	4.4913	0.1649	3.4310	0.0062	     0
0	SRVLGLKTL	PEPLIST	SRVLGLKTL	SRVLGLKTL	0.0026	6.7892	0.0560	20.5689	0.0026	     0
0	SRYWEPEF	PEPLIST	SRY-WEPEF	SRYWEPEF	0.0004	15.4355	0.0344	44.0088	0.0004	     0
0	SSAKSASVY	PEPLIST	SSAKSASVY	SSAKSASVY	0.0129	3.1249	0.1126	6.4650	0.0129	     0
0	SSANNCTFEY	PEPLIST	SSANNTFEY	SSANNCTFEY	0.0008	11.4551	0.1502	4.0105	0.0008	     0
0	SSEAFLIGCNY	PEPLIST	SEALIGCNY	SEAFLIGCNY	0.0074	4.1398	0.3131	0.9470	0.0074	     0
0	SSNVANYQK	PEPLIST	SSNVANYQK	SSNVANYQK	0.0003	17.6750	0.0459	28.5988	0.0003	     0
0	SSPDDQIGYYR	PEPLIST	SDDQIGYYR	SSPDDQIGYYR	0.0004	16.0408	0.0313	49.9053	0.0004	     0
0	SSRGTSPAR	PEPLIST	SSRGTSPAR	SSRGTSPAR	0.0002	22.4444	0.0268	60.0713	0.0002	     0
0	SSSDNIALL	PEPLIST	SSSDNIALL	SSSDNIALL	0.0024	7.1037	0.0802	11.3424	0.0024	     0
0	SSTFNVPMEKLK	PEPLIST	SSVPMEKLK	SSTFNVPMEKLK	0.0000	58.7500	0.0338	45.1088	0.0000	     0
0	STAALGVLM	PEPLIST	STAALGVLM	STAALGVLM	0.0015	8.6020	0.1019	7.5880	0.0015	     0
0	STECSNLLLQY	PEPLIST	TESNLLLQY	TECSNLLLQY	0.0114	3.3340	0.1949	2.5654	0.0114	     0
0	STFNVPMEK	PEPLIST	STFNVPMEK	STFNVPMEK	0.0016	8.4976	0.0634	16.7485	0.0016	     0
0	STGSNVFQTR	PEPLIST	STSNVFQTR	STGSNVFQTR	0.0001	24.9231	0.0353	42.5009	0.0001	     0
0	STNVTIATY	PEPLIST	STNVTIATY	STNVTIATY	0.0203	2.4203	0.1415	4.4371	0.0203	     0
0	STQDLFLPF	PEPLIST	STQDLFLPF	STQDLFLPF	0.0053	4.8727	0.1817	2.9187	0.0053	     0
0	STQDLFLPFF	PEPLIST	SQDLFLPFF	STQDLFLPFF	0.0025	6.8986	0.1670	3.3665	0.0025	     0
0	STSAFVETV	PEPLIST	STSAFVETV	STSAFVETV	0.0016	8.4474	0.0989	7.9641	0.0016	     0
0	STVFPPTSF	PEPLIST	STVFPPTSF	STVFPPTSF	0.0146	2.9277	0.0869	9.8739	0.0146	     0
0	SVASQSIIAY	PEPLIST	SASQSIIAY	SVASQSIIAY	0.0028	6.6302	0.1058	7.1364	0.0028	     0
0	SVKGLQPSV	PEPLIST	SVKGLQPSV	SVKGLQPSV	0.0017	8.2919	0.0452	29.2284	0.0017	     0
0	SVLLFLAFV	PEPLIST	SVLLFLAFV	SVLLFLAFV	0.0001	37.2500	0.0821	10.8893	0.0001	     0
0	SVLNDILSR	PEPLIST	SVLNDILSR	SVLNDILSR	0.0005	14.5270	0.0345	43.8161	0.0005	     0
0	SVLNDILSRL	PEPLIST	SVNDILSRL	SVLNDILSRL	0.0006	13.5532	0.0685	14.7185	0.0006	     0
0	SVLYNSASF	PEPLIST	SVLYNSASF	SVLYNSASF	0.0025	6.9493	0.1163	6.1404	0.0025	     0
0	SVPWDTIANY	PEPLIST	SPWDTIANY	SVPWDTIANY	0.0053	4.8399	0.1125	6.4753	0.0053	     0
0	SVVSKVVKV	PEPLIST	SVVSKVVKV	SVVSKVVKV	0.0036	5.8339	0.0529	22.6655	0.0036	     0
0	SVYAWNRKR	PEPLIST	SVYAWNRKR	SVYAWNRKR	0.0005	14.7973	0.0452	29.2327	0.0005	     0
0	SVYYTSNPTTF	PEPLIST	SVYSNPTTF	SVYYTSNPTTF	0.0020	7.5968	0.0713	13.8101	0.0020	     0
0	SWMESEFRV	PEPLIST	SWMESEFRV	SWMESEFRV	0.0005	13.9787	0.0665	15.4626	0.0005	     0
0	SWMESEFRVY	PEPLIST	SWMESFRVY	SWMESEFRVY	0.0033	6.0447	0.1290	5.1780	0.0033	     0
0	SYATHSDKF	PEPLIST	SYATHSDKF	SYATHSDKF	0.0102	3.4947	0.0771	12.1226	0.0102	     0
0	SYFIASFRL	PEPLIST	SYFIASFRL	SYFIASFRL	0.0010	10.3663	0.0722	13.5472	0.0010	     0
0	SYFIASFRLF	PEPLIST	SFIASFRLF	SYFIASFRLF	0.0019	7.8016	0.1858	2.8101	0.0019	     0
0	SYFIASFRLFA	PEPLIST	SYIASFRLF	SYFIASFRLF	0.0001	33.8000	0.0690	14.5684	0.0001	     0
0	SYFTSDYYQLY	PEPLIST	SYFDYYQLY	SYFTSDYYQLY	0.0039	5.5815	0.0968	8.2638	0.0039	     0
0	SYSLFDMSKF	PEPLIST	SYSLDMSKF	SYSLFDMSKF	0.0010	10.5545	0.1060	7.1177	0.0010	     0
0	SYYSLLMPI	PEPLIST	SYYSLLMPI	SYYSLLMPI	0.0002	19.8667	0.1222	5.6664	0.0002	     0
0	TANPKTPKY	PEPLIST	TANPKTPKY	TANPKTPKY	0.0943	1.0605	0.0806	11.2363	0.0943	     1
0	TDEMIAQY	PEPLIST	TD-EMIAQY	TDEMIAQY	0.0086	3.8461	0.0687	14.6651	0.0086	     0
0	TDEMIAQYTSALLA	PEPLIST	TQYTSALLA	TDEMIAQYTSALLA	0.0000	68.3333	0.0639	16.5452	0.0000	     0
0	TDLEGNFY	PEPLIST	TDLE-GNFY	TDLEGNFY	0.0045	5.2571	0.0655	15.8583	0.0045	     0
0	TDNYITTY	PEPLIST	TDN-YITTY	TDNYITTY	0.0235	2.2616	0.0978	8.1143	0.0235	     0
0	TECSNLLLQY	PEPLIST	TESNLLLQY	TECSNLLLQY	0.6427	0.1798	0.5685	0.1202	0.6427	     1
0	TEIDPKLDNYY	PEPLIST	TEIDPKNYY	TEIDPKLDNYY	0.9111	0.0395	0.4110	0.4575	0.9111	     1
0	TEILPVSMTK	PEPLIST	TEIPVSMTK	TEILPVSMTK	0.0249	2.1941	0.2194	2.0437	0.0249	     0
0	TEKSNIIRGW	PEPLIST	TESNIIRGW	TEKSNIIRGW	0.9554	0.0183	0.7217	0.0116	0.9554	     1
0	TESIVRFPNITNL	PEPLIST	TEFPNITNL	TESIVRFPNITNL	0.0090	3.7512	0.1989	2.4698	0.0090	     0
0	TESNKKFLPFQQF	PEPLIST	TESNPFQQF	TESNKKFLPFQQF	0.3131	0.4730	0.3669	0.6280	0.3131	     1
0	TETDLTKGPHEF	PEPLIST	TETDLPHEF	TETDLTKGPHEF	0.5719	0.2319	0.3829	0.5622	0.5719	     1
0	TEVVGDIIL	PEPLIST	TEVVGDIIL	TEVVGDIIL	0.0494	1.5173	0.1983	2.4810	0.0494	     1
0	TFEYVSQPFLM	PEPLIST	TEYVSQPFL	TFEYVSQPFL	0.0003	17.9000	0.1025	7.5098	0.0003	     0
0	TFISAARQGF	PEPLIST	TFISAARQF	TFISAARQGF	0.0022	7.2723	0.1201	5.8340	0.0022	     0
0	TFKVSIWNL	PEPLIST	TFKVSIWNL	TFKVSIWNL	0.0005	14.0405	0.0460	28.4591	0.0005	     0
0	TFNGECPNF	PEPLIST	TFNGECPNF	TFNGECPNF	0.0023	7.1513	0.0648	16.1398	0.0023	     0
0	TFTYASALW	PEPLIST	TFTYASALW	TFTYASALW	0.0051	4.9449	0.1842	2.8512	0.0051	     0
0	TFYLTNDVSFL	PEPLIST	TFYNDVSFL	TFYLTNDVSFL	0.0001	35.6000	0.0430	31.6349	0.0001	     0
0	TIADYNYKL	PEPLIST	TIADYNYKL	TIADYNYKL	0.0024	7.1196	0.0545	21.5346	0.0024	     0
0	TICAPLTVF	PEPLIST	TICAPLTVF	TICAPLTVF	0.0006	12.8750	0.0518	23.4763	0.0006	     0
0	TIEVNSFSGY	PEPLIST	TEVNSFSGY	TIEVNSFSGY	0.2899	0.5056	0.4906	0.2397	0.2899	     1
0	TISLAGSYK	PEPLIST	TISLAGSYK	TISLAGSYK	0.0000	41.3333	0.0348	43.4273	0.0000	     0
0	TITQMNLKY	PEPLIST	TITQMNLKY	TITQMNLKY	0.0029	6.4387	0.0623	17.2669	0.0029	     0
0	TIWFLLLSV	PEPLIST	TIWFLLLSV	TIWFLLLSV	0.0000	41.0000	0.0598	18.5064	0.0000	     0
0	TLACFVLAAV	PEPLIST	TLAFVLAAV	TLACFVLAAV	0.0000	75.0000	0.0815	11.0049	0.0000	     0
0	TLADAGFIK	PEPLIST	TLADAGFIK	TLADAGFIK	0.0001	25.3333	0.0409	34.2234	0.0001	     0
0	TLDSKTQSL	PEPLIST	TLDSKTQSL	TLDSKTQSL	0.0082	3.9264	0.0413	33.7595	0.0082	     0
0	TLGVYDYLVST	PEPLIST	TLYDYLVST	TLGVYDYLVST	0.0000	72.5000	0.0243	66.0881	0.0000	     0
0	TLIGDCATV	PEPLIST	TLIGDCATV	TLIGDCATV	0.0001	33.8000	0.0555	20.8801	0.0001	     0
0	TLKEILVTY	PEPLIST	TLKEILVTY	TLKEILVTY	0.0326	1.8836	0.0880	9.6657	0.0326	     1
0	TLKKRWQLA	PEPLIST	TLKKRWQLA	TLKKRWQLA	0.0001	26.4000	0.0387	37.1650	0.0001	     0
0	TLKSFTVEK	PEPLIST	TLKSFTVEK	TLKSFTVEK	0.0002	19.2000	0.0438	30.7568	0.0002	     0
0	TLMNVLTLV	PEPLIST	TLMNVLTLV	TLMNVLTLV	0.0003	17.3500	0.1145	6.3019	0.0003	     0
0	TLVPQEHYV	PEPLIST	TLVPQEHYV	TLVPQEHYV	0.0010	10.2673	0.0390	36.8238	0.0010	     0
0	TMADLVYAL	PEPLIST	TMADLVYAL	TMADLVYAL	0.0016	8.5408	0.1118	6.5445	0.0016	     0
0	TNVLEGSVAY	PEPLIST	TVLEGSVAY	TNVLEGSVAY	0.0027	6.7281	0.0836	10.5554	0.0027	     0
0	TPCSFGGVSV	PEPLIST	TPCSGGVSV	TPCSFGGVSV	0.0001	24.5385	0.0478	26.7776	0.0001	     0
0	TPHTVLQAV	PEPLIST	TPHTVLQAV	TPHTVLQAV	0.0010	10.2475	0.0468	27.6403	0.0010	     0
0	TPINLVRDL	PEPLIST	TPINLVRDL	TPINLVRDL	0.0010	10.6386	0.0455	28.9361	0.0010	     0
0	TPKYKFVRI	PEPLIST	TPKYKFVRI	TPKYKFVRI	0.0023	7.2579	0.0354	42.2324	0.0023	     0
0	TPRDLGACI	PEPLIST	TPRDLGACI	TPRDLGACI	0.0004	15.4032	0.0461	28.3273	0.0004	     0
0	TPSGTWLTY	PEPLIST	TPSGTWLTY	TPSGTWLTY	0.0194	2.4667	0.1058	7.1337	0.0194	     0
0	TPSKLIEY	PEPLIST	TPS-KLIEY	TPSKLIEY	0.0047	5.1322	0.0360	41.2302	0.0047	     0
0	TPVVQTIEV	PEPLIST	TPVVQTIEV	TPVVQTIEV	0.0003	17.7250	0.0348	43.2855	0.0003	     0
0	TQDLFLPFF	PEPLIST	TQDLFLPFF	TQDLFLPFF	0.0289	1.9942	0.1545	3.8338	0.0289	     1
0	TQLNRALTGI	PEPLIST	TQLNRALTI	TQLNRALTGI	0.0003	16.9388	0.1317	4.9947	0.0003	     0
0	TQNVLYENQK	PEPLIST	TQNVLENQK	TQNVLYENQK	0.0002	23.5625	0.0564	20.3637	0.0002	     0
0	TRFASVYAW	PEPLIST	TRFASVYAW	TRFASVYAW	0.0418	1.6529	0.1963	2.5299	0.0418	     1
0	TRTQLPPAY	PEPLIST	TRTQLPPAY	TRTQLPPAY	0.0189	2.4894	0.0716	13.7183	0.0189	     0
0	TSDLATNNLVVMAY	PEPLIST	TSDLATNAY	TSDLATNNLVVMAY	0.0000	46.0000	0.0590	18.8799	0.0000	     0
0	TSEDMLNPNY	PEPLIST	TEDMLNPNY	TSEDMLNPNY	0.1437	0.8258	0.2920	1.1053	0.1437	     1
0	TSFGPLVRK	PEPLIST	TSFGPLVRK	TSFGPLVRK	0.0006	12.9750	0.0341	44.5842	0.0006	     0
0	TSNPTTFHL	PEPLIST	TSNPTTFHL	TSNPTTFHL	0.0035	5.9084	0.0649	16.0749	0.0035	     0
0	TSNQVAVLY	PEPLIST	TSNQVAVLY	TSNQVAVLY	0.0187	2.4994	0.1329	4.9248	0.0187	     0
0	TSSGDATTAY	PEPLIST	TSSDATTAY	TSSGDATTAY	0.0019	7.8823	0.0575	19.7274	0.0019	     0
0	TTDPSFLGRY	PEPLIST	TTDPSFLRY	TTDPSFLGRY	0.0074	4.1176	0.0968	8.2713	0.0074	     0
0	TTDPSFLGRYM	PEPLIST	TTDPSGRYM	TTDPSFLGRYM	0.0003	16.5510	0.0506	24.4273	0.0003	     0
0	TTIAKNTVK	PEPLIST	TTIAKNTVK	TTIAKNTVK	0.0001	24.0000	0.0280	57.0824	0.0001	     0
0	TTLPVNVAF	PEPLIST	TTLPVNVAF	TTLPVNVAF	0.0086	3.8312	0.0823	10.8418	0.0086	     0
0	TTSPISEHDY	PEPLIST	TTSPISEHY	TTSPISEHDY	0.0057	4.6837	0.0732	13.2412	0.0057	     0
0	TTYPGQGLNGY	PEPLIST	TTYPGQNGY	TTYPGQGLNGY	0.0017	8.1914	0.0495	25.3463	0.0017	     0
0	TVATSRTLSY	PEPLIST	TVASRTLSY	TVATSRTLSY	0.0018	8.0598	0.0905	9.2342	0.0018	     0
0	TVATSRTLSYYK	PEPLIST	TVATSRTLK	TVATSRTLSYYK	0.0000	68.3333	0.0392	36.5424	0.0000	     0
0	TVKNGSIHLY	PEPLIST	TKNGSIHLY	TVKNGSIHLY	0.0150	2.8854	0.1118	6.5402	0.0150	     0
0	TVLSFCAFAV	PEPLIST	TVLSFAFAV	TVLSFCAFAV	0.0000	63.3333	0.0956	8.4556	0.0000	     0
0	TVYDPLQPELDSFK	PEPLIST	TVYDPDSFK	TVYDPLQPELDSFK	0.0000	57.5000	0.0259	62.2198	0.0000	     0
0	TVYEKLKPV	PEPLIST	TVYEKLKPV	TVYEKLKPV	0.0010	10.3119	0.0625	17.1932	0.0010	     0
0	TVYSHLLLV	PEPLIST	TVYSHLLLV	TVYSHLLLV	0.0010	10.5099	0.0830	10.6910	0.0010	     0
0	TYACWHHSI	PEPLIST	TYACWHHSI	TYACWHHSI	0.0003	17.1250	0.0936	8.7603	0.0003	     0
0	TYASALWEI	PEPLIST	TYASALWEI	TYASALWEI	0.0012	9.6434	0.0824	10.8129	0.0012	     0
0	TYERHSLSHF	PEPLIST	TERHSLSHF	TYERHSLSHF	0.1681	0.7549	0.3320	0.8168	0.1681	     1
0	TYKNTCDGTTF	PEPLIST	TYKNDGTTF	TYKNTCDGTTF	0.0009	10.8515	0.0540	21.8949	0.0009	     0
0	TYVPAQEKNFT	PEPLIST	TYVPAQEKF	TYVPAQEKNF	0.0002	22.3333	0.0191	79.8400	0.0002	     0
0	VAAGLEAPF	PEPLIST	VAAGLEAPF	VAAGLEAPF	0.0007	12.3333	0.0837	10.5446	0.0007	     0
0	VAIHADQLTPTW	PEPLIST	VAIQLTPTW	VAIHADQLTPTW	0.0012	9.5993	0.0970	8.2396	0.0012	     0
0	VAKSHNIAL	PEPLIST	VAKSHNIAL	VAKSHNIAL	0.0010	10.2871	0.0409	34.2694	0.0010	     0
0	VAMPNLYKM	PEPLIST	VAMPNLYKM	VAMPNLYKM	0.0030	6.3521	0.0840	10.4758	0.0030	     0
0	VARDLSLQF	PEPLIST	VARDLSLQF	VARDLSLQF	0.0072	4.2031	0.0724	13.4820	0.0072	     0
0	VASQSIIAY	PEPLIST	VASQSIIAY	VASQSIIAY	0.0103	3.4906	0.0872	9.8200	0.0103	     0
0	VATSRTLSY	PEPLIST	VATSRTLSY	VATSRTLSY	0.0084	3.8821	0.0818	10.9519	0.0084	     0
0	VATSRTLSYY	PEPLIST	VATSRTLSY	VATSRTLSYY	0.0005	14.5405	0.0832	10.6474	0.0005	     0
0	VDDPCPIHFY	PEPLIST	VDDPPIHFY	VDDPCPIHFY	0.0863	1.1187	0.1365	4.7177	0.0863	     1
0	VEAEVQIDRLITGR	PEPLIST	VEAEVQTGR	VEAEVQIDRLITGR	0.0001	35.0000	0.0395	36.0984	0.0001	     0
0	VELGTEVNEF	PEPLIST	VELGEVNEF	VELGTEVNEF	0.3093	0.4780	0.3659	0.6330	0.3093	     1
0	VENMTPRDL	PEPLIST	VENMTPRDL	VENMTPRDL	0.3673	0.3998	0.3493	0.7206	0.3673	     1
0	VENPDILRV	PEPLIST	VENPDILRV	VENPDILRV	0.5136	0.2727	0.3194	0.9023	0.5136	     1
0	VENPDILRVY	PEPLIST	VENDILRVY	VENPDILRVY	0.9167	0.0369	0.5655	0.1244	0.9167	     1
0	VENPHLMGWD	PEPLIST	VENPHLMGW	VENPHLMGW	0.1951	0.6854	0.3943	0.5216	0.1951	     1
0	VEVQPQLEM	PEPLIST	VEVQPQLEM	VEVQPQLEM	0.5541	0.2457	0.3266	0.8536	0.5541	     1
0	VFAQVKQIY	PEPLIST	VFAQVKQIY	VFAQVKQIY	0.0113	3.3475	0.0715	13.7426	0.0113	     0
0	VFITLCFTLK	PEPLIST	VFILCFTLK	VFITLCFTLK	0.0000	58.7500	0.0546	21.5053	0.0000	     0
0	VFKNIDGYF	PEPLIST	VFKNIDGYF	VFKNIDGYF	0.0010	10.6436	0.0583	19.2964	0.0010	     0
0	VFVSNGTHW	PEPLIST	VFVSNGTHW	VFVSNGTHW	0.0324	1.8871	0.1438	4.3271	0.0324	     1
0	VFVSNGTHWF	PEPLIST	VFVSNGTHF	VFVSNGTHWF	0.0013	9.1258	0.0972	8.2083	0.0013	     0
0	VGGNYNYLY	PEPLIST	VGGNYNYLY	VGGNYNYLY	0.0003	17.4250	0.0657	15.7678	0.0003	     0
0	VGYLQPRTF	PEPLIST	VGYLQPRTF	VGYLQPRTF	0.0025	6.9101	0.0560	20.5748	0.0025	     0
0	VGYLQPRTFL	PEPLIST	VYLQPRTFL	VGYLQPRTFL	0.0001	27.5556	0.0368	39.9126	0.0001	     0
0	VGYQPYRVV	PEPLIST	VGYQPYRVV	VGYQPYRVV	0.0002	21.1500	0.0339	44.8333	0.0002	     0
0	VKNGSIHLY	PEPLIST	VKNGSIHLY	VKNGSIHLY	0.0650	1.3033	0.1177	6.0209	0.0650	     1
0	VLAAECTIF	PEPLIST	VLAAECTIF	VLAAECTIF	0.0004	16.4898	0.0756	12.5353	0.0004	     0
0	VLAWLYAAV	PEPLIST	VLAWLYAAV	VLAWLYAAV	0.0000	43.5000	0.0672	15.1927	0.0000	     0
0	VLHSYFTSDYYQLY	PEPLIST	VTSDYYQLY	VLHSYFTSDYYQLY	0.0000	37.7500	0.0557	20.7579	0.0000	     0
0	VLKGVKLHY	PEPLIST	VLKGVKLHY	VLKGVKLHY	0.0175	2.6285	0.0691	14.5317	0.0175	     0
0	VLLSVLQQL	PEPLIST	VLLSVLQQL	VLLSVLQQL	0.0014	8.8291	0.0473	27.1695	0.0014	     0
0	VLNDILSRL	PEPLIST	VLNDILSRL	VLNDILSRL	0.0024	7.0461	0.0554	20.9761	0.0024	     0
0	VLNEKCSAY	PEPLIST	VLNEKCSAY	VLNEKCSAY	0.0051	4.9339	0.0849	10.2796	0.0051	     0
0	VLPFNDGVYFA	PEPLIST	VPFNDGVYF	VLPFNDGVYF	0.0000	40.0000	0.0324	47.8221	0.0000	     0
0	VLQAVGACV	PEPLIST	VLQAVGACV	VLQAVGACV	0.0000	39.6667	0.0621	17.3874	0.0000	     0
0	VLQLPQGTTL	PEPLIST	VQLPQGTTL	VLQLPQGTTL	0.0017	8.0909	0.0500	24.9095	0.0017	     0
0	VLSEARQHL	PEPLIST	VLSEARQHL	VLSEARQHL	0.0023	7.1427	0.0507	24.3543	0.0023	     0
0	VLTESNKKF	PEPLIST	VLTESNKKF	VLTESNKKF	0.0065	4.3859	0.0527	22.7865	0.0065	     0
0	VLWAHGFEL	PEPLIST	VLWAHGFEL	VLWAHGFEL	0.0004	16.0204	0.0791	11.6022	0.0004	     0
0	VMVELVAEL	PEPLIST	VMVELVAEL	VMVELVAEL	0.0005	14.7973	0.0671	15.2338	0.0005	     0
0	VMYASAVVLL	PEPLIST	VYASAVVLL	VMYASAVVLL	0.0001	25.4167	0.0778	11.9266	0.0001	     0
0	VMYMGTLSY	PEPLIST	VMYMGTLSY	VMYMGTLSY	0.0056	4.7297	0.1443	4.3020	0.0056	     0
0	VPANSTVL	PEPLIST	VPA-NSTVL	VPANSTVL	0.0006	12.8917	0.0224	71.1435	0.0006	     0
0	VPANSTVLSF	PEPLIST	VPNSTVLSF	VPANSTVLSF	0.0027	6.6751	0.1029	7.4581	0.0027	     0
0	VPFWITIAY	PEPLIST	VPFWITIAY	VPFWITIAY	0.0051	4.9309	0.0913	9.1094	0.0051	     0
0	VPGLPGTIL	PEPLIST	VPGLPGTIL	VPGLPGTIL	0.0008	11.6410	0.0277	57.9107	0.0008	     0
0	VPHISRQRL	PEPLIST	VPHISRQRL	VPHISRQRL	0.0010	10.2129	0.0302	52.2436	0.0010	     0
0	VPHVGEIPV	PEPLIST	VPHVGEIPV	VPHVGEIPV	0.0000	37.7500	0.0310	50.4125	0.0000	     0
0	VPLHGTIL	PEPLIST	VPL-HGTIL	VPLHGTIL	0.0002	22.8333	0.0211	74.5659	0.0002	     0
0	VPMEKLKTL	PEPLIST	VPMEKLKTL	VPMEKLKTL	0.0104	3.4664	0.0477	26.8660	0.0104	     0
0	VPQEHYVRI	PEPLIST	VPQEHYVRI	VPQEHYVRI	0.0022	7.2939	0.0473	27.2552	0.0022	     0
0	VQELYSPIFLIV	PEPLIST	QESPIFLIV	QELYSPIFLIV	0.0000	38.6667	0.1102	6.6964	0.0000	     0
0	VQSTQWSLF	PEPLIST	VQSTQWSLF	VQSTQWSLF	0.0168	2.6934	0.1753	3.1035	0.0168	     0
0	VRETMSYLF	PEPLIST	VRETMSYLF	VRETMSYLF	0.0021	7.4207	0.0835	10.5912	0.0021	     0
0	VRIIMRLWL	PEPLIST	VRIIMRLWL	VRIIMRLWL	0.0001	28.7500	0.0519	23.3984	0.0001	     0
0	VRIQPGQTF	PEPLIST	VRIQPGQTF	VRIQPGQTF	0.0331	1.8693	0.0711	13.8925	0.0331	     1
0	VRNLQHRLY	PEPLIST	VRNLQHRLY	VRNLQHRLY	0.0105	3.4582	0.0750	12.7130	0.0105	     0
0	VRQALLKTV	PEPLIST	VRQALLKTV	VRQALLKTV	0.0005	13.7234	0.0453	29.1259	0.0005	     0
0	VRSIFSRTL	PEPLIST	VRSIFSRTL	VRSIFSRTL	0.0018	8.0120	0.0551	21.1689	0.0018	     0
0	VSSPDAVTAY	PEPLIST	VSSPDAVTY	VSSPDAVTAY	0.0022	7.3804	0.0587	19.0460	0.0022	     0
0	VTDTPKGPK	PEPLIST	VTDTPKGPK	VTDTPKGPK	0.0001	28.2500	0.0191	79.6668	0.0001	     0
0	VTIAEILLI	PEPLIST	VTIAEILLI	VTIAEILLI	0.0005	14.1216	0.0820	10.9090	0.0005	     0
0	VTNNTFTLK	PEPLIST	VTNNTFTLK	VTNNTFTLK	0.0002	21.2000	0.0426	32.1766	0.0002	     0
0	VTPSGTWLTY	PEPLIST	VPSGTWLTY	VTPSGTWLTY	0.0019	7.7597	0.0959	8.4002	0.0019	     0
0	VTVKNGSIHLY	PEPLIST	VKNGSIHLY	VTVKNGSIHLY	0.0026	6.7604	0.0574	19.7895	0.0026	     0
0	VTWFHAIHV	PEPLIST	VTWFHAIHV	VTWFHAIHV	0.0002	21.6000	0.0653	15.9083	0.0002	     0
0	VTYVPAQEK	PEPLIST	VTYVPAQEK	VTYVPAQEK	0.0004	15.9839	0.0319	48.6573	0.0004	     0
0	VVAIDYKHY	PEPLIST	VVAIDYKHY	VVAIDYKHY	0.0043	5.3762	0.0654	15.8806	0.0043	     0
0	VVCTEIDPK	PEPLIST	VVCTEIDPK	VVCTEIDPK	0.0000	54.0000	0.0191	79.6983	0.0000	     0
0	VVDKYFDCY	PEPLIST	VVDKYFDCY	VVDKYFDCY	0.0010	10.1931	0.0542	21.7327	0.0010	     0
0	VVDYGARFY	PEPLIST	VVDYGARFY	VVDYGARFY	0.0033	6.0875	0.0542	21.7387	0.0033	     0
0	VVFLHVTYV	PEPLIST	VVFLHVTYV	VVFLHVTYV	0.0002	19.8667	0.0548	21.3491	0.0002	     0
0	VVNARLRAK	PEPLIST	VVNARLRAK	VVNARLRAK	0.0001	27.3333	0.0307	51.1851	0.0001	     0
0	VVQQLPETY	PEPLIST	VVQQLPETY	VVQQLPETY	0.0139	3.0011	0.0648	16.1403	0.0139	     0
0	VVSTGYHFR	PEPLIST	VVSTGYHFR	VVSTGYHFR	0.0001	26.6000	0.0274	58.4853	0.0001	     0
0	VVTTKIALK	PEPLIST	VVTTKIALK	VVTTKIALK	0.0001	36.3333	0.0230	69.4828	0.0001	     0
0	VVVNAANVY	PEPLIST	VVVNAANVY	VVVNAANVY	0.0023	7.2291	0.0693	14.4516	0.0023	     0
0	VVYRAFDIY	PEPLIST	VVYRAFDIY	VVYRAFDIY	0.0006	12.9167	0.0671	15.2392	0.0006	     0
0	VVYRGTTTY	PEPLIST	VVYRGTTTY	VVYRGTTTY	0.0133	3.0722	0.0744	12.8859	0.0133	     0
0	VVYRGTTTYK	PEPLIST	VVYRGTTTY	VVYRGTTTY	0.0001	36.3333	0.0358	41.6890	0.0001	     0
0	VYAWNRKRI	PEPLIST	VYAWNRKRI	VYAWNRKRI	0.0003	18.7941	0.0325	47.5513	0.0003	     0
0	VYAWNRKRIS	PEPLIST	VAWNRKRIS	VYAWNRKRIS	0.0000	80.0000	0.0238	67.4859	0.0000	     0
0	VYDPLQPEL	PEPLIST	VYDPLQPEL	VYDPLQPEL	0.0157	2.8123	0.0352	42.7057	0.0157	     0
0	VYDPLQPELDSF	PEPLIST	VYDPLQPSF	VYDPLQPELDSF	0.0010	10.5198	0.0402	35.1797	0.0010	     0
0	VYFLQSINF	PEPLIST	VYFLQSINF	VYFLQSINF	0.0029	6.4309	0.0600	18.4057	0.0029	     0
0	VYIGDPAQL	PEPLIST	VYIGDPAQL	VYIGDPAQL	0.0015	8.5663	0.0325	47.5783	0.0015	     0
0	VYLPYPDPSRI	PEPLIST	VPYPDPSRI	VYLPYPDPSRI	0.0004	15.3065	0.0306	51.3597	0.0004	     0
0	VYMPASWVM	PEPLIST	VYMPASWVM	VYMPASWVM	0.0015	8.7832	0.0751	12.6834	0.0015	     0
0	VYRGTTTYKL	PEPLIST	VYRGTTTKL	VYRGTTTYKL	0.0001	27.5556	0.0321	48.2976	0.0001	     0
0	VYSSANNCTF	PEPLIST	VYSSANNTF	VYSSANNCTF	0.0010	10.2228	0.0887	9.5252	0.0010	     0
0	VYSSANNCTFEY	PEPLIST	VYSSANNEY	VYSSANNCTFEY	0.0001	23.8125	0.0738	13.0492	0.0001	     0
0	VYSTGSNVFQTR	PEPLIST	VYSTGSQTR	VYSTGSNVFQTR	0.0000	57.5000	0.0230	69.5161	0.0000	     0
0	VYYPDKVF	PEPLIST	VYYPD-KVF	VYYPDKVF	0.0008	11.8333	0.0245	65.5223	0.0008	     0
0	VYYPDKVFRSSVLH	PEPLIST	VYYPDSVLH	VYYPDKVFRSSVLH	0.0000	61.6667	0.0211	74.4759	0.0000	     0
0	WEPEFYEAM	PEPLIST	WEPEFYEAM	WEPEFYEAM	0.0217	2.3504	0.1874	2.7666	0.0217	     0
0	WFFSNYLKR	PEPLIST	WFFSNYLKR	WFFSNYLKR	0.0001	35.4000	0.0364	40.6841	0.0001	     0
0	WFVTQRNFY	PEPLIST	WFVTQRNFY	WFVTQRNFY	0.0010	10.3663	0.0679	14.9250	0.0010	     0
0	WICLLQFAY	PEPLIST	WICLLQFAY	WICLLQFAY	0.0001	32.6000	0.0707	13.9948	0.0001	     0
0	WIFGTTLDSK	PEPLIST	WIFGTTLSK	WIFGTTLDSK	0.0000	70.0000	0.0357	41.7990	0.0000	     0
0	WKYPQVNGL	PEPLIST	WKYPQVNGL	WKYPQVNGL	0.0009	10.9653	0.0445	30.0270	0.0009	     0
0	WLDMVDTSL	PEPLIST	WLDMVDTSL	WLDMVDTSL	0.0001	23.9375	0.0459	28.5349	0.0001	     0
0	WLLWPVTLA	PEPLIST	WLLWPVTLA	WLLWPVTLA	0.0000	68.3333	0.0401	35.2391	0.0000	     0
0	WLMWLIINL	PEPLIST	WLMWLIINL	WLMWLIINL	0.0001	34.2500	0.0708	13.9668	0.0001	     0
0	WLPTGTLLV	PEPLIST	WLPTGTLLV	WLPTGTLLV	0.0000	41.6667	0.0390	36.7992	0.0000	     0
0	WMVMFTPLV	PEPLIST	WMVMFTPLV	WMVMFTPLV	0.0000	53.0000	0.0829	10.7114	0.0000	     0
0	WRNTNPIQL	PEPLIST	WRNTNPIQL	WRNTNPIQL	0.0020	7.6177	0.0525	22.9559	0.0020	     0
0	WSMATYYLF	PEPLIST	WSMATYYLF	WSMATYYLF	0.0007	12.1417	0.2492	1.5583	0.0007	     0
0	WTAGAAAYY	PEPLIST	WTAGAAAYY	WTAGAAAYY	0.0016	8.4378	0.1308	5.0532	0.0016	     0
0	WTAGAAAYYVGY	PEPLIST	WTAGAAAYY	WTAGAAAYYVGY	0.0000	47.5000	0.0686	14.6865	0.0000	     0
0	WTFGAGAAL	PEPLIST	WTFGAGAAL	WTFGAGAAL	0.0002	22.0556	0.0711	13.8688	0.0002	     0
0	WVLNNDYYR	PEPLIST	WVLNNDYYR	WVLNNDYYR	0.0000	60.0000	0.0290	54.8560	0.0000	     0
0	WYFYYLGTGP	PEPLIST	WYFYLGTGP	WYFYYLGTGP	0.0000	90.0000	0.0345	43.9334	0.0000	     0
0	YADVFHLYL	PEPLIST	YADVFHLYL	YADVFHLYL	0.0014	9.0194	0.0846	10.3519	0.0014	     0
0	YAISAKNRAR	PEPLIST	YAISANRAR	YAISAKNRAR	0.0000	38.6667	0.0290	54.9389	0.0000	     0
0	YAKPFLNKV	PEPLIST	YAKPFLNKV	YAKPFLNKV	0.0019	7.8661	0.0444	30.1762	0.0019	     0
0	YANRNRFLY	PEPLIST	YANRNRFLY	YANRNRFLY	0.0078	4.0283	0.1435	4.3372	0.0078	     0
0	YASAVVLLI	PEPLIST	YASAVVLLI	YASAVVLLI	0.0011	9.7978	0.1513	3.9634	0.0011	     0
0	YAWNRKRI	PEPLIST	YAW-NRKRI	YAWNRKRI	0.0001	33.0000	0.0317	49.1026	0.0001	     0
0	YAYLRKHF	PEPLIST	YAY-LRKHF	YAYLRKHF	0.0008	11.8333	0.0474	27.1177	0.0008	     0
0	YDYLVSTQEF	PEPLIST	YDYLSTQEF	YDYLVSTQEF	0.0223	2.3228	0.2132	2.1722	0.0223	     0
0	YECDIPIGAGI	PEPLIST	YEIPIGAGI	YECDIPIGAGI	0.0252	2.1771	0.2576	1.4613	0.0252	     0
0	YEDFLEYHDVRVVL	PEPLIST	YEDDVRVVL	YEDFLEYHDVRVVL	0.0012	9.5257	0.1002	7.7968	0.0012	     0
0	YEGNSPFHPL	PEPLIST	YENSPFHPL	YEGNSPFHPL	0.0577	1.3919	0.3471	0.7325	0.0577	     1
0	YEKLKPVL	PEPLIST	YEK-LKPVL	YEKLKPVL	0.0329	1.8746	0.0968	8.2617	0.0329	     1
0	YENFNQHEV	PEPLIST	YENFNQHEV	YENFNQHEV	0.3404	0.4361	0.3965	0.5139	0.3404	     1
0	YENQKLIANQF	PEPLIST	YENQIANQF	YENQKLIANQF	0.5653	0.2370	0.4099	0.4620	0.5653	     1
0	YEQYIKWPW	PEPLIST	YEQYIKWPW	YEQYIKWPW	0.7540	0.1104	0.7664	0.0087	0.7540	     1
0	YEQYIKWPWYI	PEPLIST	YEIKWPWYI	YEQYIKWPWYI	0.0082	3.9289	0.3468	0.7340	0.0082	     0
0	YERHSLSHF	PEPLIST	YERHSLSHF	YERHSLSHF	0.5463	0.2515	0.4042	0.4849	0.5463	     1
0	YFDKAGQKTY	PEPLIST	YDKAGQKTY	YFDKAGQKTY	0.0623	1.3362	0.1047	7.2638	0.0623	     1
0	YFIKGLNNL	PEPLIST	YFIKGLNNL	YFIKGLNNL	0.0010	10.3663	0.0493	25.4449	0.0010	     0
0	YFMRFRRAF	PEPLIST	YFMRFRRAF	YFMRFRRAF	0.0020	7.6081	0.1417	4.4295	0.0020	     0
0	YFPLQSYGF	PEPLIST	YFPLQSYGF	YFPLQSYGF	0.0010	10.3614	0.0588	19.0089	0.0010	     0
0	YFQPRTFLL	PEPLIST	YFQPRTFLL	YFQPRTFLL	0.0026	6.8594	0.0709	13.9404	0.0026	     0
0	YFTSDYYQL	PEPLIST	YFTSDYYQL	YFTSDYYQL	0.0008	11.3910	0.0522	23.1463	0.0008	     0
0	YFTSDYYQLY	PEPLIST	YTSDYYQLY	YFTSDYYQLY	0.0025	6.9078	0.1158	6.1856	0.0025	     0
0	YFVVKRHTF	PEPLIST	YFVVKRHTF	YFVVKRHTF	0.0094	3.6724	0.0666	15.4073	0.0094	     0
0	YGANKDGIIW	PEPLIST	YANKDGIIW	YGANKDGIIW	0.0028	6.5714	0.1015	7.6280	0.0028	     0
0	YGFQPTNGV	PEPLIST	YGFQPTNGV	YGFQPTNGV	0.0002	20.6087	0.0392	36.5055	0.0002	     0
0	YHLMSFPQSA	PEPLIST	YHMSFPQSA	YHLMSFPQSA	0.0002	22.2778	0.0939	8.7031	0.0002	     0
0	YIATNGPLK	PEPLIST	YIATNGPLK	YIATNGPLK	0.0001	36.0000	0.0305	51.4862	0.0001	     0
0	YICGFIQQK	PEPLIST	YICGFIQQK	YICGFIQQK	0.0001	31.0000	0.0261	61.6716	0.0001	     0
0	YIDIGNYTV	PEPLIST	YIDIGNYTV	YIDIGNYTV	0.0002	20.8696	0.0383	37.7645	0.0002	     0
0	YIFFASFYY	PEPLIST	YIFFASFYY	YIFFASFYY	0.0008	11.2756	0.1260	5.3901	0.0008	     0
0	YILFTRFFY	PEPLIST	YILFTRFFY	YILFTRFFY	0.0004	15.9194	0.0946	8.6007	0.0004	     0
0	YINVFAFPF	PEPLIST	YINVFAFPF	YINVFAFPF	0.0001	26.2000	0.1180	5.9964	0.0001	     0
0	YKIEELFYSY	PEPLIST	YKIEELYSY	YKIEELFYSY	0.0030	6.4183	0.1149	6.2684	0.0030	     0
0	YKTFPPTEPK	PEPLIST	YKFPPTEPK	YKTFPPTEPK	0.0003	18.6765	0.0406	34.6478	0.0003	     0
0	YLASGGQPI	PEPLIST	YLASGGQPI	YLASGGQPI	0.0005	14.7162	0.0971	8.2273	0.0005	     0
0	YLATALLTL	PEPLIST	YLATALLTL	YLATALLTL	0.0004	15.1452	0.0645	16.2905	0.0004	     0
0	YLDAYNMMI	PEPLIST	YLDAYNMMI	YLDAYNMMI	0.0002	22.9444	0.0840	10.4833	0.0002	     0
0	YLFDESGEF	PEPLIST	YLFDESGEF	YLFDESGEF	0.0041	5.4680	0.0878	9.6927	0.0041	     0
0	YLFDESGEFKL	PEPLIST	YDESGEFKL	YLFDESGEFKL	0.0002	21.5000	0.0370	39.6958	0.0002	     0
0	YLGTGPEAGL	PEPLIST	YLGTGPEAL	YLGTGPEAGL	0.0000	41.3333	0.0335	45.6961	0.0000	     0
0	YLITPVHV	PEPLIST	YLI-TPVHV	YLITPVHV	0.0001	30.7143	0.0285	56.0307	0.0001	     0
0	YLITPVHVM	PEPLIST	YLITPVHVM	YLITPVHVM	0.0022	7.3732	0.0606	18.0731	0.0022	     0
0	YLKLTDNVY	PEPLIST	YLKLTDNVY	YLKLTDNVY	0.0034	6.0214	0.0737	13.0759	0.0034	     0
0	YLKLTDNVYIK	PEPLIST	YLKLTDNVY	YLKLTDNVY	0.0000	63.3333	0.0274	58.4830	0.0000	     0
0	YLKRRVVF	PEPLIST	YLK-RRVVF	YLKRRVVF	0.0002	19.9667	0.0348	43.2820	0.0002	     0
0	YLNSTNVTI	PEPLIST	YLNSTNVTI	YLNSTNVTI	0.0010	10.4554	0.0846	10.3545	0.0010	     0
0	YLNTLTLAV	PEPLIST	YLNTLTLAV	YLNTLTLAV	0.0003	17.9750	0.0974	8.1816	0.0003	     0
0	YLPYPDPSRI	PEPLIST	YPYPDPSRI	YLPYPDPSRI	0.0009	11.1282	0.0472	27.2599	0.0009	     0
0	YLPYPDPSRIL	PEPLIST	YYPDPSRIL	YLPYPDPSRIL	0.0002	22.2222	0.0223	71.3658	0.0002	     0
0	YLQLRTFLL	PEPLIST	YLQLRTFLL	YLQLRTFLL	0.0003	17.7000	0.0716	13.7257	0.0003	     0
0	YLQPRIFLL	PEPLIST	YLQPRIFLL	YLQPRIFLL	0.0014	8.8138	0.0738	13.0442	0.0014	     0
0	YLQPRTFLL	PEPLIST	YLQPRTFLL	YLQPRTFLL	0.0017	8.2177	0.0751	12.6756	0.0017	     0
0	YLTNDVSFLA	PEPLIST	YTNDVSFLA	YLTNDVSFLA	0.0000	44.5000	0.0713	13.8215	0.0000	     0
0	YLYALVYFL	PEPLIST	YLYALVYFL	YLYALVYFL	0.0001	24.5385	0.0777	11.9533	0.0001	     0
0	YLYFIKGLNNL	PEPLIST	YFIKGLNNL	YLYFIKGLNNL	0.0000	37.7500	0.0337	45.3002	0.0000	     0
0	YLYLTFYLT	PEPLIST	YLYLTFYLT	YLYLTFYLT	0.0000	66.6667	0.0457	28.7126	0.0000	     0
0	YMHHMELPTGV	PEPLIST	YHMELPTGV	YMHHMELPTGV	0.0002	21.8000	0.0664	15.5186	0.0002	     0
0	YMPYFFTLL	PEPLIST	YMPYFFTLL	YMPYFFTLL	0.0002	21.0000	0.0757	12.4987	0.0002	     0
0	YMSALNHTK	PEPLIST	YMSALNHTK	YMSALNHTK	0.0002	19.7333	0.0614	17.6782	0.0002	     0
0	YNLWNTFTRL	PEPLIST	YNLNTFTRL	YNLWNTFTRL	0.0001	35.6000	0.0671	15.2288	0.0001	     0
0	YNYLYRLFR	PEPLIST	YNYLYRLFR	YNYLYRLFR	0.0000	40.5000	0.0462	28.2315	0.0000	     0
0	YPQVNGLTSI	PEPLIST	YQVNGLTSI	YPQVNGLTSI	0.0003	18.3529	0.0850	10.2717	0.0003	     0
0	YQDVNCTEV	PEPLIST	YQDVNCTEV	YQDVNCTEV	0.0013	9.1516	0.0854	10.1788	0.0013	     0
0	YQKVGMQKY	PEPLIST	YQKVGMQKY	YQKVGMQKY	0.0963	1.0459	0.1241	5.5231	0.0963	     1
0	YQPYRVVVL	PEPLIST	YQPYRVVVL	YQPYRVVVL	0.0017	8.2057	0.0461	28.3383	0.0017	     0
0	YRGTTTYKL	PEPLIST	YRGTTTYKL	YRGTTTYKL	0.0008	11.3462	0.0370	39.6880	0.0008	     0
0	YRSLPGVF	PEPLIST	YRSLPGV-F	YRSLPGVF	0.0003	18.9118	0.0338	45.1670	0.0003	     0
0	YRYNLPTM	PEPLIST	YRYNLP-TM	YRYNLPTM	0.0001	25.5833	0.0299	52.7979	0.0001	     0
0	YRYNLPTMC	PEPLIST	YRYNLPTMC	YRYNLPTMC	0.0005	14.0270	0.0300	52.5862	0.0005	     0
0	YSDVENPHLMGW	PEPLIST	YENPHLMGW	YSDVENPHLMGW	0.3829	0.3848	0.5097	0.1981	0.3829	     1
0	YSRYRIGNYK	PEPLIST	YSYRIGNYK	YSRYRIGNYK	0.0000	42.0000	0.0467	27.7778	0.0000	     0
0	YSVLYNSASFSTFK	PEPLIST	YSASFSTFK	YSVLYNSASFSTFK	0.0000	90.0000	0.0422	32.6187	0.0000	     0
0	YTELEPPCRF	PEPLIST	YELEPPCRF	YTELEPPCRF	0.3859	0.3820	0.3469	0.7336	0.3859	     1
0	YTGNYQCGHY	PEPLIST	YTGNYQGHY	YTGNYQCGHY	0.0001	26.4000	0.0816	10.9925	0.0001	     0
0	YTMADLVYAL	PEPLIST	YTMDLVYAL	YTMADLVYAL	0.0001	29.1429	0.1124	6.4874	0.0001	     0
0	YTMSLGAENSVAY	PEPLIST	YTAENSVAY	YTMSLGAENSVAY	0.0001	26.8000	0.0927	8.8957	0.0001	     0
0	YTNSFTRGVY	PEPLIST	YTNSFTRVY	YTNSFTRGVY	0.0008	11.5128	0.1150	6.2538	0.0008	     0
0	YTNSFTRGVYY	PEPLIST	YTNSRGVYY	YTNSFTRGVYY	0.0007	12.5333	0.0769	12.1670	0.0007	     0
0	YTTTIKPVTY	PEPLIST	YTTTKPVTY	YTTTIKPVTY	0.0015	8.5714	0.0624	17.2317	0.0015	     0
0	YVFCTVNAL	PEPLIST	YVFCTVNAL	YVFCTVNAL	0.0001	26.1000	0.0751	12.6646	0.0001	     0
0	YVMHANYIF	PEPLIST	YVMHANYIF	YVMHANYIF	0.0012	9.5074	0.1385	4.6030	0.0012	     0
0	YVNTFSSTF	PEPLIST	YVNTFSSTF	YVNTFSSTF	0.0059	4.5888	0.1234	5.5790	0.0059	     0
0	YVVDDPCPI	PEPLIST	YVVDDPCPI	YVVDDPCPI	0.0002	19.9667	0.0731	13.2492	0.0002	     0
0	YVVDDPCPIHFY	PEPLIST	YDPCPIHFY	YVVDDPCPIHFY	0.0020	7.6468	0.0820	10.9135	0.0020	     0
0	YVYANGGKGF	PEPLIST	YVYNGGKGF	YVYANGGKGF	0.0014	9.0097	0.0902	9.2902	0.0014	     0
0	YVYSRVKN	PEPLIST	YVYSRVKN-	YVYSRVKN	0.0000	68.3333	0.0184	81.4940	0.0000	     0
0	YVYSRVKNL	PEPLIST	YVYSRVKNL	YVYSRVKNL	0.0024	7.0144	0.0568	20.1109	0.0024	     0
0	YYHKNNKSW	PEPLIST	YYHKNNKSW	YYHKNNKSW	0.0215	2.3612	0.0931	8.8376	0.0215	     0
0	YYHTTDPSF	PEPLIST	YYHTTDPSF	YYHTTDPSF	0.0062	4.4731	0.0605	18.1497	0.0062	     0
0	YYKKDNSY	PEPLIST	YYK-KDNSY	YYKKDNSY	0.0005	14.1081	0.0242	66.3850	0.0005	     0
0	YYKKDNSYF	PEPLIST	YYKKDNSYF	YYKKDNSYF	0.0031	6.2802	0.0538	21.9933	0.0031	     0
0	YYKLGASQRVA	PEPLIST	YYKLGASQA	YYKLGASQRVA	0.0000	68.3333	0.0217	72.9010	0.0000	     0
0	YYPSARIVY	PEPLIST	YYPSARIVY	YYPSARIVY	0.0053	4.8727	0.0498	25.0530	0.0053	     0
0	YYQLYSTQL	PEPLIST	YYQLYSTQL	YYQLYSTQL	0.0011	9.8750	0.0533	22.3964	0.0011	     0
0	YYRARAGEAANF	PEPLIST	YYAGEAANF	YYRARAGEAANF	0.0001	26.0000	0.0473	27.2147	0.0001	     0
0	YYRRATRRIR	PEPLIST	YYRATRRIR	YYRRATRRIR	0.0000	52.0000	0.0205	75.9339	0.0000	     0
0	YYRRATRRIRG	PEPLIST	YRATRRIRG	YYRRATRRIRG	0.0000	95.0000	0.0150	89.7159	0.0000	     0
0	YYRSLPGVF	PEPLIST	YYRSLPGVF	YYRSLPGVF	0.0005	14.0946	0.0477	26.8328	0.0005	     0
0	YYTSNPTTF	PEPLIST	YYTSNPTTF	YYTSNPTTF	0.0137	3.0205	0.0627	17.0882	0.0137	     0
0	YYTSNPTTFHL	PEPLIST	YYTSNPTTL	YYTSNPTTFHL	0.0003	17.6000	0.0410	34.1078	0.0003	     0
0	YYVGYLQPRTF	PEPLIST	YYVGQPRTF	YYVGYLQPRTF	0.0007	12.1333	0.0493	25.4888	0.0007	     0
0	YYVGYLQPRTFLL	PEPLIST	YYQPRTFLL	YYVGYLQPRTFLL	0.0000	53.0000	0.0422	32.5906	0.0000	     0
0	KEIIFLEGETL	PEPLIST	KEILEGETL	KEIIFLEGETL	0.0706	1.2478	0.2146	2.1429	0.0706	     1
0	AEIPKEEVKPF	PEPLIST	AEIPEVKPF	AEIPKEEVKPF	0.8115	0.0825	0.5296	0.1661	0.8115	     1
0	ASKIITLKK	PEPLIST	ASKIITLKK	ASKIITLKK	0.0004	15.9194	0.0360	41.2268	0.0004	     0
0	ILGTVSWNL	PEPLIST	ILGTVSWNL	ILGTVSWNL	0.0001	33.2000	0.0475	27.0443	0.0001	     0
0	SNEKQEILGTVSW	PEPLIST	SEILGTVSW	SNEKQEILGTVSW	0.6407	0.1811	0.6372	0.0532	0.6407	     1
0	QLMCQPILL	PEPLIST	QLMCQPILL	QLMCQPILL	0.0004	15.5806	0.1240	5.5278	0.0004	     0
0	FLCLFLLPSL	PEPLIST	FLCLFLLSL	FLCLFLLPSL	0.0000	61.6667	0.0491	25.6404	0.0000	     0
0	TLGVYDYLV	PEPLIST	TLGVYDYLV	TLGVYDYLV	0.0000	60.0000	0.0518	23.4451	0.0000	     0
0	TVLSFCAFA	PEPLIST	TVLSFCAFA	TVLSFCAFA	0.0000	61.6667	0.0737	13.0719	0.0000	     0
0	VLSFCAFAV	PEPLIST	VLSFCAFAV	VLSFCAFAV	0.0000	61.6667	0.0761	12.4054	0.0000	     0
0	YTMADLVYA	PEPLIST	YTMADLVYA	YTMADLVYA	0.0001	29.5714	0.0848	10.2987	0.0001	     0
0	VMCGGSLYV	PEPLIST	VMCGGSLYV	VMCGGSLYV	0.0001	24.6154	0.0557	20.7698	0.0001	     0
0	APAHISTI	PEPLIST	APA-HISTI	APAHISTI	0.0011	10.0000	0.0429	31.8035	0.0011	     0
0	LIVNSVLLFL	PEPLIST	LVNSVLLFL	LIVNSVLLFL	0.0000	65.0000	0.0532	22.4754	0.0000	     0
0	LLFLAFVVFL	PEPLIST	LFLAFVVFL	LLFLAFVVFL	0.0000	56.2500	0.0465	27.9840	0.0000	     0
0	KSWMESEFRV	PEPLIST	KSMESEFRV	KSWMESEFRV	0.0001	35.6000	0.0690	14.5794	0.0001	     0
0	WMESEFRVY	PEPLIST	WMESEFRVY	WMESEFRVY	0.0020	7.6194	0.1011	7.6895	0.0020	     0
0	CTFEYVSQPF	PEPLIST	CTFEYVSQF	CTFEYVSQPF	0.0001	28.0000	0.1317	4.9962	0.0001	     0
0	FEYVSQPFL	PEPLIST	FEYVSQPFL	FEYVSQPFL	0.0985	1.0302	0.2685	1.3385	0.0985	     1
0	AGAAAYYVGY	PEPLIST	AAAAYYVGY	AGAAAYYVGY	0.0002	21.1500	0.1092	6.7881	0.0002	     0
0	WTAGAAAYYV	PEPLIST	WTAGAAAYY	WTAGAAAYY	0.0000	63.3333	0.0740	12.9753	0.0000	     0
0	CFTNVYADSF	PEPLIST	CFTNVADSF	CFTNVYADSF	0.0001	26.4000	0.1145	6.3051	0.0001	     0
0	FTNVYADSF	PEPLIST	FTNVYADSF	FTNVYADSF	0.0005	13.6383	0.0889	9.4912	0.0005	     0
0	FTNVYADSFV	PEPLIST	FTNVADSFV	FTNVYADSFV	0.0000	72.5000	0.0673	15.1735	0.0000	     0
0	LNDLCFTNVY	PEPLIST	LDLCFTNVY	LNDLCFTNVY	0.0005	14.5000	0.1467	4.1829	0.0005	     0
0	VYADSFVIR	PEPLIST	VYADSFVIR	VYADSFVIR	0.0002	20.9565	0.0225	70.7173	0.0002	     0
0	GYQPYRVVVL	PEPLIST	GYQPRVVVL	GYQPYRVVVL	0.0002	19.3667	0.0401	35.2351	0.0002	     0
0	PYRVVVLSF	PEPLIST	PYRVVVLSF	PYRVVVLSF	0.0002	19.7667	0.0300	52.6320	0.0002	     0
0	ASQSIIAYTM	PEPLIST	AQSIIAYTM	ASQSIIAYTM	0.0007	12.1000	0.1521	3.9314	0.0007	     0
0	SQSIIAYTM	PEPLIST	SQSIIAYTM	SQSIIAYTM	0.0225	2.3093	0.2218	1.9938	0.0225	     0
0	AIPTNFTISV	PEPLIST	APTNFTISV	AIPTNFTISV	0.0001	30.7143	0.0614	17.7120	0.0001	     0
0	AYSNNSIAIPTNF	PEPLIST	AYSNIPTNF	AYSNNSIAIPTNF	0.0002	19.8333	0.0623	17.2927	0.0002	     0
0	AEVQIDRLIT	PEPLIST	AEVQIDRLI	AEVQIDRLI	0.0149	2.8954	0.3207	0.8930	0.0149	     0
0	VEAEVQIDRL	PEPLIST	VEAEVQIRL	VEAEVQIDRL	0.2056	0.6630	0.2612	1.4240	0.2056	     1
0	VQIDRLITGR	PEPLIST	VQIDRLITR	VQIDRLITGR	0.0003	16.5510	0.0469	27.5753	0.0003	     0
0	GRLQSLQTY	PEPLIST	GRLQSLQTY	GRLQSLQTY	0.0263	2.1224	0.0805	11.2598	0.0263	     0
0	YEQYIKWPWY	PEPLIST	YEQYIKPWY	YEQYIKWPWY	0.1788	0.7255	0.6049	0.0818	0.1788	     1
0	MTSCCSCLK	PEPLIST	MTSCCSCLK	MTSCCSCLK	0.0000	58.7500	0.0857	10.1197	0.0000	     0
0	DLFMRIFTI	PEPLIST	DLFMRIFTI	DLFMRIFTI	0.0011	10.1386	0.0702	14.1611	0.0011	     0
0	FVCNLLLLFV	PEPLIST	FVCNLLLLF	FVCNLLLLF	0.0000	80.0000	0.0539	21.9475	0.0000	     0
0	LLFVTVYSHL	PEPLIST	LFVTVYSHL	LLFVTVYSHL	0.0000	45.5000	0.0597	18.5391	0.0000	     0
0	FLQSINFVR	PEPLIST	FLQSINFVR	FLQSINFVR	0.0000	40.0000	0.0396	35.8943	0.0000	     0
0	FLQSINFVRI	PEPLIST	FQSINFVRI	FLQSINFVRI	0.0000	45.0000	0.0740	12.9997	0.0000	     0
0	FLYLYALVYF	PEPLIST	FLYYALVYF	FLYLYALVYF	0.0001	26.9000	0.0726	13.4203	0.0001	     0
0	GLEAPFLYLY	PEPLIST	GEAPFLYLY	GLEAPFLYLY	0.5673	0.2354	0.6189	0.0665	0.5673	     1
0	INFVRIIMR	PEPLIST	INFVRIIMR	INFVRIIMR	0.0000	38.3333	0.0219	72.4007	0.0000	     0
0	LQSINFVRI	PEPLIST	LQSINFVRI	LQSINFVRI	0.0010	10.6040	0.0997	7.8653	0.0010	     0
0	LQSINFVRII	PEPLIST	LQINFVRII	LQSINFVRII	0.0000	38.6667	0.1138	6.3662	0.0000	     0
0	QSINFVRII	PEPLIST	QSINFVRII	QSINFVRII	0.0010	10.3614	0.1223	5.6648	0.0010	     0
0	SINFVRIIMR	PEPLIST	SNFVRIIMR	SINFVRIIMR	0.0000	58.7500	0.0392	36.5519	0.0000	     0
0	VYFLQSINFV	PEPLIST	VYFLQSINF	VYFLQSINF	0.0000	46.0000	0.0451	29.4173	0.0000	     0
0	YFLQSINFVR	PEPLIST	YLQSINFVR	YFLQSINFVR	0.0000	51.0000	0.0450	29.4888	0.0000	     0
0	SYFTSDYYQL	PEPLIST	SYFTSDYQL	SYFTSDYYQL	0.0003	17.8000	0.0684	14.7749	0.0003	     0
0	VLHSYFTSDY	PEPLIST	VLHSYFTSY	VLHSYFTSDY	0.0003	16.6735	0.1007	7.7400	0.0003	     0
0	FLYIIKLIFL	PEPLIST	FYIIKLIFL	FLYIIKLIFL	0.0000	53.0000	0.0392	36.5615	0.0000	     0
0	FLYIIKLVFL	PEPLIST	FYIIKLVFL	FLYIIKLVFL	0.0000	48.0000	0.0411	33.9382	0.0000	     0
0	LYIIKLIFL	PEPLIST	LYIIKLIFL	LYIIKLIFL	0.0001	26.6000	0.0272	59.0391	0.0001	     0
0	LYIIKLIFLW	PEPLIST	LYIKLIFLW	LYIIKLIFLW	0.0004	14.9865	0.1256	5.4184	0.0004	     0
0	YIIKLIFLW	PEPLIST	YIIKLIFLW	YIIKLIFLW	0.0071	4.2169	0.1507	3.9866	0.0071	     0
0	YIIKLIFLWL	PEPLIST	YIIKLIFLW	YIIKLIFLW	0.0000	45.0000	0.0664	15.4910	0.0000	     0
0	FLWLLWPVT	PEPLIST	FLWLLWPVT	FLWLLWPVT	0.0000	85.0000	0.0347	43.5219	0.0000	     0
0	WPVTLACFVL	PEPLIST	WPVTLAFVL	WPVTLACFVL	0.0000	58.7500	0.0607	18.0327	0.0000	     0
0	AIAMACLVGL	PEPLIST	AAMACLVGL	AIAMACLVGL	0.0000	51.0000	0.1111	6.6081	0.0000	     0
0	IAMACLVGLM	PEPLIST	IAMALVGLM	IAMACLVGLM	0.0000	57.5000	0.1049	7.2413	0.0000	     0
0	SVSPKLFIR	PEPLIST	SVSPKLFIR	SVSPKLFIR	0.0007	12.4083	0.0308	50.9734	0.0007	     0
0	ELYSPIFLI	PEPLIST	ELYSPIFLI	ELYSPIFLI	0.0010	10.2525	0.0837	10.5423	0.0010	     0
0	LYSPIFLIV	PEPLIST	LYSPIFLIV	LYSPIFLIV	0.0002	20.5217	0.0469	27.6318	0.0002	     0
0	QELYSPIFL	PEPLIST	QELYSPIFL	QELYSPIFL	0.4458	0.3246	0.4489	0.3413	0.4458	     1
0	VQELYSPIF	PEPLIST	VQELYSPIF	VQELYSPIF	0.0064	4.4289	0.1016	7.6174	0.0064	     0
0	VQELYSPIFL	PEPLIST	VELYSPIFL	VQELYSPIFL	0.0071	4.2097	0.2378	1.7226	0.0071	     0
0	VFITLCFTL	PEPLIST	VFITLCFTL	VFITLCFTL	0.0002	19.8333	0.0714	13.7979	0.0002	     0
0	AFLLFLVLI	PEPLIST	AFLLFLVLI	AFLLFLVLI	0.0004	16.2653	0.0564	20.3429	0.0004	     0
0	FLAFLLFLV	PEPLIST	FLAFLLFLV	FLAFLLFLV	0.0000	65.0000	0.0524	23.0195	0.0000	     0
0	FYLCFLAFL	PEPLIST	FYLCFLAFL	FYLCFLAFL	0.0000	50.0000	0.0546	21.4641	0.0000	     0
0	FYLCFLAFLL	PEPLIST	FYLFLAFLL	FYLCFLAFLL	0.0000	56.2500	0.0785	11.7587	0.0000	     0
0	IDFYLCFLAF	PEPLIST	IDFYLFLAF	IDFYLCFLAF	0.0016	8.4713	0.2964	1.0715	0.0016	     0
0	IELSLIDFYL	PEPLIST	IELSLIFYL	IELSLIDFYL	0.0083	3.8983	0.3423	0.7579	0.0083	     0
0	LIDFYLCFL	PEPLIST	LIDFYLCFL	LIDFYLCFL	0.0000	63.3333	0.0421	32.7694	0.0000	     0
0	LLFLVLIML	PEPLIST	LLFLVLIML	LLFLVLIML	0.0000	49.0000	0.0232	68.9375	0.0000	     0
0	MIELSLIDFY	PEPLIST	MELSLIDFY	MIELSLIDFY	0.1154	0.9313	0.5390	0.1538	0.1154	     1
0	SLIDFYLCFL	PEPLIST	SLIDFYLFL	SLIDFYLCFL	0.0001	27.2222	0.1180	5.9914	0.0001	     0
0	YLCFLAFLL	PEPLIST	YLCFLAFLL	YLCFLAFLL	0.0001	37.2500	0.0814	11.0341	0.0001	     0
0	MLIIFWFSL	PEPLIST	MLIIFWFSL	MLIIFWFSL	0.0001	25.2500	0.0789	11.6648	0.0001	     0
0	GNYTVSCLPF	PEPLIST	GNYTVSCLF	GNYTVSCLPF	0.0002	22.6667	0.1303	5.0930	0.0002	     0
0	NYTVSCLPF	PEPLIST	NYTVSCLPF	NYTVSCLPF	0.0002	22.9444	0.0849	10.2918	0.0002	     0
0	YTVSCLPFTI	PEPLIST	YTVSLPFTI	YTVSCLPFTI	0.0000	44.5000	0.1025	7.5081	0.0000	     0
0	DFLEYHDVR	PEPLIST	DFLEYHDVR	DFLEYHDVR	0.0000	42.0000	0.0175	83.8682	0.0000	     0
0	EDFLEYHDVR	PEPLIST	EDFLEYHVR	EDFLEYHDVR	0.0002	22.6667	0.0391	36.5765	0.0002	     0
0	LEYHDVRVV	PEPLIST	LEYHDVRVV	LEYHDVRVV	0.0666	1.2874	0.2302	1.8451	0.0666	     1
0	NPANNAAIV	PEPLIST	NPANNAAIV	NPANNAAIV	0.0001	24.0000	0.0463	28.2046	0.0001	     0
0	RNPANNAAIV	PEPLIST	RPANNAAIV	RNPANNAAIV	0.0000	40.0000	0.0492	25.5460	0.0000	     0
0	ALALLLLDR	PEPLIST	ALALLLLDR	ALALLLLDR	0.0000	42.5000	0.0369	39.8580	0.0000	     0
0	GDAALALLLL	PEPLIST	GDAALALLL	GDAALALLLL	0.0004	15.8710	0.1292	5.1632	0.0004	     0
0	LLLLDRLNQ	PEPLIST	LLLLDRLNQ	LLLLDRLNQ	0.0000	63.3333	0.0188	80.4527	0.0000	     0
0	SRIGMEVTPSGTW	PEPLIST	SEVTPSGTW	SRIGMEVTPSGTW	0.4882	0.2891	0.5397	0.1530	0.4882	     1
0	GMEVTPSGTWL	PEPLIST	GEVTPSGTW	GMEVTPSGTW	0.0480	1.5401	0.2376	1.7258	0.0480	     1
0	AFPFTIYSL	PEPLIST	AFPFTIYSL	AFPFTIYSL	0.0009	10.7426	0.0507	24.3749	0.0009	     0
0	GYINVFAFPF	PEPLIST	GYINVAFPF	GYINVFAFPF	0.0004	16.0000	0.1354	4.7776	0.0004	     0
0	INVFAFPFTI	PEPLIST	INFAFPFTI	INVFAFPFTI	0.0000	45.0000	0.0934	8.7932	0.0000	     0
0	MGYINVFAF	PEPLIST	MGYINVFAF	MGYINVFAF	0.0004	15.3871	0.1108	6.6385	0.0004	     0
0	NVFAFPFTIY	PEPLIST	NVFAFPFTY	NVFAFPFTIY	0.0007	11.9103	0.1407	4.4798	0.0007	     0
0	KVPTDNYITTY	PEPLIST	KTDNYITTY	KVPTDNYITTY	0.0009	10.7030	0.0369	39.8612	0.0009	     0
0	VYYPDKVFR	PEPLIST	VYYPDKVFR	VYYPDKVFR	0.0002	19.1000	0.0179	82.7591	0.0002	     0
0	YPDKVFRSS	PEPLIST	YPDKVFRSS	YPDKVFRSS	0.0002	22.3333	0.0239	67.1045	0.0002	     0
0	YPDKVFRSSV	PEPLIST	YPDKVRSSV	YPDKVFRSSV	0.0003	17.7750	0.0531	22.4826	0.0003	     0
0	FFSNVTWFH	PEPLIST	FFSNVTWFH	FFSNVTWFH	0.0001	30.4286	0.0463	28.1796	0.0001	     0
0	FLPFFSNVT	PEPLIST	FLPFFSNVT	FLPFFSNVT	0.0000	85.0000	0.0227	70.3203	0.0000	     0
0	LPFFSNVTW	PEPLIST	LPFFSNVTW	LPFFSNVTW	0.0299	1.9634	0.1644	3.4466	0.0299	     1
0	LPFFSNVTWF	PEPLIST	LPFSNVTWF	LPFFSNVTWF	0.0009	10.9158	0.1085	6.8590	0.0009	     0
0	SNVTWFHAI	PEPLIST	SNVTWFHAI	SNVTWFHAI	0.0010	10.3317	0.1421	4.4078	0.0010	     0
0	LPFNDGVYFA	PEPLIST	LPFNDGVYF	LPFNDGVYF	0.0001	30.2857	0.0522	23.1658	0.0001	     0
0	VLPFNDGVY	PEPLIST	VLPFNDGVY	VLPFNDGVY	0.0002	19.6333	0.0413	33.7595	0.0002	     0
0	VLPFNDGVYF	PEPLIST	VPFNDGVYF	VLPFNDGVYF	0.0015	8.6735	0.0808	11.1985	0.0015	     0
0	CNDPFLGVYY	PEPLIST	CNDPLGVYY	CNDPFLGVYY	0.0008	11.2756	0.1173	6.0586	0.0008	     0
0	FCNDPFLGVY	PEPLIST	FCNDPFLVY	FCNDPFLGVY	0.0010	10.5347	0.0723	13.5214	0.0010	     0
0	YLQPRTFL	PEPLIST	YLQPRT-FL	YLQPRTFL	0.0001	29.0000	0.0291	54.6115	0.0001	     0
0	LYNSASFSTF	PEPLIST	LYNSASSTF	LYNSASFSTF	0.0008	11.6667	0.1136	6.3849	0.0008	     0
0	YSVLYNSASF	PEPLIST	YSVYNSASF	YSVLYNSASF	0.0002	23.1250	0.1025	7.5037	0.0002	     0
0	NYLYRLFRK	PEPLIST	NYLYRLFRK	NYLYRLFRK	0.0000	43.0000	0.0271	59.3671	0.0000	     0
0	AENSVAYSN	PEPLIST	AENSVAYSN	AENSVAYSN	0.0752	1.2021	0.4960	0.2279	0.0752	     1
0	AENSVAYSNN	PEPLIST	AENSVAYSN	AENSVAYSNN	0.0056	4.7493	0.3719	0.6019	0.0056	     0
0	VFAQVKQIYK	PEPLIST	VFAQVKQIY	VFAQVKQIY	0.0001	30.4286	0.0390	36.7090	0.0001	     0
0	LQIPFAMQM	PEPLIST	LQIPFAMQM	LQIPFAMQM	0.0073	4.1499	0.1154	6.2189	0.0073	     0
0	AQALNTLVK	PEPLIST	AQALNTLVK	AQALNTLVK	0.0019	7.7597	0.0995	7.8898	0.0019	     0
0	TYVPAQEKNF	PEPLIST	TYVPAQEKF	TYVPAQEKNF	0.0034	5.9666	0.0543	21.6782	0.0034	     0
0	VGVALLAVF	PEPLIST	VGVALLAVF	VGVALLAVF	0.0001	25.1667	0.0629	16.9882	0.0001	     0
0	LLYDANYFLC	PEPLIST	LLYDANFLC	LLYDANYFLC	0.0000	70.0000	0.0405	34.7648	0.0000	     0
0	LYDANYFLCW	PEPLIST	LDANYFLCW	LYDANYFLCW	0.0037	5.7640	0.2786	1.2316	0.0037	     0
0	PLLYDANYFL	PEPLIST	PLYDANYFL	PLLYDANYFL	0.0000	72.5000	0.0397	35.7847	0.0000	     0
0	YDANYFLCW	PEPLIST	YDANYFLCW	YDANYFLCW	0.1986	0.6779	0.4882	0.2450	0.1986	     1
0	EELKKLLEQW	PEPLIST	EELKKLEQW	EELKKLLEQW	0.9377	0.0276	0.6235	0.0626	0.9377	     1
0	QWNLVIGFLF	PEPLIST	QNLVIGFLF	QWNLVIGFLF	0.0005	13.8191	0.1508	3.9850	0.0005	     0
0	LQFAYANRNR	PEPLIST	LQFAANRNR	LQFAYANRNR	0.0000	39.6667	0.0553	21.0293	0.0000	     0
0	FIASFRLFA	PEPLIST	FIASFRLFA	FIASFRLFA	0.0000	56.2500	0.0516	23.5961	0.0000	     0
0	YFIASFRLF	PEPLIST	YFIASFRLF	YFIASFRLF	0.0059	4.5980	0.1531	3.8919	0.0059	     0
0	YFIASFRLFA	PEPLIST	YFIASFRLF	YFIASFRLF	0.0000	39.3333	0.0853	10.2000	0.0000	     0
0	TSRTLSYYK	PEPLIST	TSRTLSYYK	TSRTLSYYK	0.0001	37.0000	0.0426	32.1339	0.0001	     0
0	VAGDSGFAAY	PEPLIST	VADSGFAAY	VAGDSGFAAY	0.0013	9.3452	0.0731	13.2771	0.0013	     0
0	FKVSIWNLDY	PEPLIST	FKVSIWNLY	FKVSIWNLDY	0.0004	16.3265	0.0949	8.5554	0.0004	     0
0	ILLIIMRTFK	PEPLIST	ILLIIMRTF	ILLIIMRTF	0.0000	80.0000	0.0366	40.3143	0.0000	     0
0	IMRTFKVSI	PEPLIST	IMRTFKVSI	IMRTFKVSI	0.0001	29.4286	0.0462	28.2774	0.0001	     0
0	KVSIWNLDY	PEPLIST	KVSIWNLDY	KVSIWNLDY	0.0005	14.8108	0.0784	11.7852	0.0005	     0
0	KVSIWNLDYI	PEPLIST	KVSINLDYI	KVSIWNLDYI	0.0000	54.0000	0.0786	11.7256	0.0000	     0
0	RTFKVSIWNL	PEPLIST	RTFKSIWNL	RTFKVSIWNL	0.0001	29.1429	0.0725	13.4455	0.0001	     0
0	SIWNLDYII	PEPLIST	SIWNLDYII	SIWNLDYII	0.0001	33.4000	0.0799	11.4005	0.0001	     0
0	VSIWNLDYII	PEPLIST	VSWNLDYII	VSIWNLDYII	0.0000	66.6667	0.0708	13.9717	0.0000	     0
0	CELYHYQECV	PEPLIST	CELYHYQEV	CELYHYQECV	0.0008	11.2372	0.2597	1.4396	0.0008	     0
0	ITLATCELY	PEPLIST	ITLATCELY	ITLATCELY	0.0004	15.5161	0.0901	9.3060	0.0004	     0
0	LITLATCELY	PEPLIST	LITLATELY	LITLATCELY	0.0000	38.0000	0.0816	11.0000	0.0000	     0
0	TLATCELYHY	PEPLIST	TLATELYHY	TLATCELYHY	0.0006	12.6750	0.1228	5.6222	0.0006	     0
0	VVDDPCPIHFY	PEPLIST	VVDDPIHFY	VVDDPCPIHFY	0.0050	4.9703	0.0655	15.8603	0.0050	     0
0	LSPRWYFYY	PEPLIST	LSPRWYFYY	LSPRWYFYY	0.0001	23.7500	0.0700	14.2332	0.0001	     0
0	GTTLPKGFY	PEPLIST	GTTLPKGFY	GTTLPKGFY	0.0012	9.5515	0.0495	25.2908	0.0012	     0
0	QLPQGTTLPK	PEPLIST	QPQGTTLPK	QLPQGTTLPK	0.0001	28.7500	0.0429	31.7698	0.0001	     0
0	TTLPKGFYA	PEPLIST	TTLPKGFYA	TTLPKGFYA	0.0002	23.1250	0.0412	33.7976	0.0002	     0
0	QQQGQTVTK	PEPLIST	QQQGQTVTK	QQQGQTVTK	0.0045	5.2476	0.0570	19.9789	0.0045	     0
0	LLCRMNSRNY	PEPLIST	LLRMNSRNY	LLCRMNSRNY	0.0002	22.4444	0.0715	13.7579	0.0002	     0
0	LLLCRMNSR	PEPLIST	LLLCRMNSR	LLLCRMNSR	0.0000	75.0000	0.0270	59.5928	0.0000	     0
0	RMNSRNYIA	PEPLIST	RMNSRNYIA	RMNSRNYIA	0.0001	30.4286	0.0648	16.1475	0.0001	     0
0	SLLLCRMNSR	PEPLIST	SLLLRMNSR	SLLLCRMNSR	0.0000	70.0000	0.0460	28.5020	0.0000	     0
0	QLQQSMSSADSTQA	PEPLIST	QLQQSSTQA	QLQQSMSSADSTQA	0.0000	61.6667	0.0268	59.9860	0.0000	     0
0	GEIPVAYRKVLL	PEPLIST	GEIPVKVLL	GEIPVAYRKVLL	0.0687	1.2662	0.2955	1.0783	0.0687	     1
0	VPHVGEIPVAY	PEPLIST	VPHEIPVAY	VPHVGEIPVAY	0.0023	7.1729	0.0387	37.1791	0.0023	     0
0	AIILASFSA	PEPLIST	AIILASFSA	AIILASFSA	0.0000	38.0000	0.0660	15.6545	0.0000	     0
0	ILASFSAST	PEPLIST	ILASFSAST	ILASFSAST	0.0000	61.6667	0.0433	31.3070	0.0000	     0
0	AEAELAKNVSL	PEPLIST	AEAELAKSL	AEAELAKNVSL	0.7038	0.1393	0.4534	0.3302	0.7038	     1
0	DLPIGINITR	PEPLIST	DPIGINITR	DLPIGINITR	0.0001	27.7778	0.0238	67.4424	0.0001	     0
0	CTLKSFTVEK	PEPLIST	CTLKSTVEK	CTLKSFTVEK	0.0000	57.5000	0.0501	24.7855	0.0000	     0
0	FPNITNLCPF	PEPLIST	FPNITNLCF	FPNITNLCPF	0.0001	26.0000	0.1099	6.7286	0.0001	     0
0	TESIVRFPNI	PEPLIST	TESIVRPNI	TESIVRFPNI	0.0161	2.7725	0.4103	0.4603	0.0161	     0
0	VQPTESIVRF	PEPLIST	VQTESIVRF	VQPTESIVRF	0.0050	4.9864	0.0772	12.0807	0.0050	     0
0	VRFPNITNL	PEPLIST	VRFPNITNL	VRFPNITNL	0.0032	6.1984	0.0359	41.3780	0.0032	     0
0	FGEVFNATRF	PEPLIST	FEVFNATRF	FGEVFNATRF	0.0355	1.8081	0.3296	0.8330	0.0355	     1
0	FNATRFASVY	PEPLIST	FNATRASVY	FNATRFASVY	0.0003	17.6250	0.1013	7.6617	0.0003	     0
0	GAEHVNNSY	PEPLIST	GAEHVNNSY	GAEHVNNSY	0.0069	4.2692	0.0587	19.0449	0.0069	     0
0	LLLQYGSFC	PEPLIST	LLLQYGSFC	LLLQYGSFC	0.0000	75.0000	0.0228	70.0450	0.0000	     0
0	KQIYKTPPIK	PEPLIST	KQYKTPPIK	KQIYKTPPIK	0.0002	19.7000	0.0595	18.6387	0.0002	     0
0	AEIRASANLA	PEPLIST	AEIASANLA	AEIRASANLA	0.0331	1.8701	0.4433	0.3554	0.0331	     1
0	ASANLAATK	PEPLIST	ASANLAATK	ASANLAATK	0.0005	14.2973	0.0645	16.2923	0.0005	     0
0	PYNSVTSSI	PEPLIST	PYNSVTSSI	PYNSVTSSI	0.0003	16.9388	0.0402	35.2074	0.0003	     0
0	GVEHVTFFIY	PEPLIST	GEHVTFFIY	GVEHVTFFIY	0.0767	1.1909	0.4508	0.3367	0.0767	     1
0	STDTGVEHVTFFIY	PEPLIST	SEHVTFFIY	STDTGVEHVTFFIY	0.0027	6.6544	0.2689	1.3328	0.0027	     0
0	VEHVTFFIY	PEPLIST	VEHVTFFIY	VEHVTFFIY	0.4198	0.3495	0.5016	0.2155	0.4198	     1
0	MWSFNPETNI	PEPLIST	MWSNPETNI	MWSFNPETNI	0.0001	34.5000	0.0685	14.7405	0.0001	     0
0	NSSPDDQIGY	PEPLIST	NSSPDQIGY	NSSPDDQIGY	0.0014	8.8776	0.0454	29.1014	0.0014	     0
0	SSPDDQIGY	PEPLIST	SSPDDQIGY	SSPDDQIGY	0.0052	4.8836	0.0379	38.2693	0.0052	     0
0	SSPDDQIGYY	PEPLIST	SPDDQIGYY	SSPDDQIGYY	0.0066	4.3680	0.0647	16.1616	0.0066	     0
0	AQVDVVNFNL	PEPLIST	AQVDVVNNL	AQVDVVNFNL	0.0046	5.1857	0.1452	4.2555	0.0046	     0
0	NYIAQVDVV	PEPLIST	NYIAQVDVV	NYIAQVDVV	0.0002	22.8889	0.0427	31.9872	0.0002	     0
0	TGSNVFQTR	PEPLIST	TGSNVFQTR	TGSNVFQTR	0.0002	19.3333	0.0275	58.2969	0.0002	     0
0	VYSTGSNVF	PEPLIST	VYSTGSNVF	VYSTGSNVF	0.0031	6.2461	0.0554	20.9267	0.0031	     0
0	SYQTQTNSPR	PEPLIST	SQTQTNSPR	SYQTQTNSPR	0.0001	30.1429	0.0448	29.6617	0.0001	     0
0	TQTNSPRRAR	PEPLIST	TQNSPRRAR	TQTNSPRRAR	0.0005	14.7973	0.0386	37.3131	0.0005	     0
0	VLPPLLTDEMIAQY	PEPLIST	VLPPLLTQY	VLPPLLTDEMIAQY	0.0001	30.1429	0.0310	50.5042	0.0001	     0
0	TSPISEHDY	PEPLIST	TSPISEHDY	TSPISEHDY	0.0015	8.5969	0.0343	44.2053	0.0015	     0
0	CPDGVKHVY	PEPLIST	CPDGVKHVY	CPDGVKHVY	0.0227	2.3037	0.0801	11.3506	0.0227	     0
0	DGVKHVYQL	PEPLIST	DGVKHVYQL	DGVKHVYQL	0.0006	13.2553	0.0270	59.4788	0.0006	     0
0	FAFACPDGVKHVY	PEPLIST	FPDGVKHVY	FAFACPDGVKHVY	0.0004	15.3871	0.0678	14.9543	0.0004	     0
0	AELEGIQY	PEPLIST	AELEGIQ-Y	AELEGIQY	0.6451	0.1781	0.3408	0.7662	0.6451	     1
0	EEEFEPSTQYEY	PEPLIST	EEESTQYEY	EEEFEPSTQYEY	0.1854	0.7077	0.2746	1.2704	0.1854	     1
0	GDCEEEEFEPSTQY	PEPLIST	GEFEPSTQY	GDCEEEEFEPSTQY	0.2348	0.6008	0.1943	2.5821	0.2348	     1
0	DTDFVNEFYAY	PEPLIST	DTDFVNEAY	DTDFVNEFYAY	0.0007	12.1667	0.0750	12.6958	0.0007	     0
0	NRDVDTDFVNEFY	PEPLIST	NRDVDNEFY	NRDVDTDFVNEFY	0.0001	25.1667	0.0527	22.8000	0.0001	     0
0	APGQTGKIA	PEPLIST	APGQTGKIA	APGQTGKIA	0.0005	14.6757	0.0342	44.4088	0.0005	     0
0	GQTGKIADY	PEPLIST	GQTGKIADY	GQTGKIADY	0.0174	2.6322	0.0963	8.3415	0.0174	     0
0	QTGKIADYNY	PEPLIST	QTKIADYNY	QTGKIADYNY	0.0004	16.3878	0.0640	16.5161	0.0004	     0
0	RQIAPGQTGK	PEPLIST	RQIAPGQTK	RQIAPGQTGK	0.0019	7.8516	0.0810	11.1266	0.0019	     0
0	IGAGICASY	PEPLIST	IGAGICASY	IGAGICASY	0.0007	12.3417	0.0718	13.6559	0.0007	     0
0	SSTASALGK	PEPLIST	SSTASALGK	SSTASALGK	0.0001	29.2857	0.0458	28.6766	0.0001	     0
0	YQIGGYTEK	PEPLIST	YQIGGYTEK	YQIGGYTEK	0.0013	9.3129	0.0614	17.6909	0.0013	     0
0	YQIGGYTEKW	PEPLIST	YQIGGTEKW	YQIGGYTEKW	0.0777	1.1829	0.2417	1.6599	0.0777	     1
0	LKKRWQLAL	PEPLIST	LKKRWQLAL	LKKRWQLAL	0.0001	24.7692	0.0352	42.6024	0.0001	     0
0	TLKKRWQLAL	PEPLIST	TLKKRQLAL	TLKKRWQLAL	0.0001	30.0000	0.0515	23.7385	0.0001	     0
0	IIKNLSKSL	PEPLIST	IIKNLSKSL	IIKNLSKSL	0.0003	16.8571	0.0280	57.1615	0.0003	     0
0	LSKSLTENKY	PEPLIST	LSKSLTNKY	LSKSLTENKY	0.0008	11.2115	0.0524	23.0218	0.0008	     0
0	NLSKSLTENK	PEPLIST	NSKSLTENK	NLSKSLTENK	0.0000	47.0000	0.0323	47.9478	0.0000	     0
0	VGARKSAPL	PEPLIST	VGARKSAPL	VGARKSAPL	0.0000	41.3333	0.0321	48.2957	0.0000	     0
0	LFARTRSMW	PEPLIST	LFARTRSMW	LFARTRSMW	0.0031	6.3054	0.1132	6.4147	0.0031	     0
0	LIDLQELGKY	PEPLIST	LDLQELGKY	LIDLQELGKY	0.0008	11.8397	0.0606	18.1027	0.0008	     0
0	QELGKYEQYI	PEPLIST	QELGKEQYI	QELGKYEQYI	0.1519	0.7989	0.4308	0.3865	0.1519	     1
0	QELGKYEQYIKW	PEPLIST	QEYEQYIKW	QELGKYEQYIKW	0.7244	0.1268	0.5423	0.1496	0.7244	     1
0	SLIDLQELGK	PEPLIST	SLIDLQELK	SLIDLQELGK	0.0001	23.7500	0.0517	23.5541	0.0001	     0
0	NSRIKASM	PEPLIST	NSR-IKASM	NSRIKASM	0.0000	41.6667	0.0211	74.3833	0.0000	     0
